0 []
1 []
2 []
3 []
4 []
5 []
6 []
7 []
8 []
9 []
10 []
11 []
12 []
13 []
14 [3]
15 [3]
16 [3]
17 [3]
18 [3]
19 [3]
20 [3]
21 [3]
22 [3]
23 [9]
24 []
25 [9]
26 [9 3]
27 [3]
28 [3]
29 [3]
30 [3]
31 [3]
32 [3]
33 [3]
34 [3]
35 [3]
36 [3]
37 [3]
38 [3]
39 [ 3 19]
40 [19  3]
41 []
42 []
43 []
44 []
45 []
46 []
47 []
48 []
49 []
50 []
51 []
52 []
53 []
54 []
55 []
56 []
57 []
58 [13]
59 [13]
60 [13]
61 [13]
62 [13]
63 [13]
64 [13]
65 [13]
66 [13]
67 [3]
68 [13]
69 [13]
70 [13]
71 [13]
72 [13]
73 [13]
74 [13]
75 [13]
76 []
77 []
78 []
79 [13]
80 [13]
81 [13]
82 [13]
83 [13]
84 [13]
85 [13]
86 [13]
87 [13]
88 [3]
89 [3]
90 [3]
91 [3]
92 [3]
93 [3]
94 [3]
95 [3]
96 []
97 []
98 []
99 []
100 [3]
101 [3]
102 [3]
103 [3]
104 [3]
105 [3]
106 [3]
107 [3]
108 [3]
109 []
110 []
111 [17]
112 [17 12]
113 [17]
114 [ 3 21]
115 [ 3 21]
116 [ 3 21]
117 [ 3 21]
118 []
119 [12]
120 []
121 []
122 []
123 []
124 []
125 []
126 []
127 []
128 []
129 []
130 []
131 []
132 []
133 []
134 []
135 []
136 []
137 []
138 []
139 []
140 []
141 []
142 []
143 []
