0 []
1 []
2 [19 19]
3 []
4 []
5 []
6 []
7 []
8 []
9 [3]
10 [3]
11 [3]
12 [3]
13 [3]
14 []
15 []
16 [3]
17 [3]
18 [3]
19 [3]
20 [3]
21 [3]
22 [19  3]
23 [19  3]
24 [19  3]
25 [3]
26 [3]
27 []
28 []
29 []
30 []
31 []
32 []
33 [19]
34 [19]
35 [19]
36 [19]
37 [19]
38 [3]
39 [3]
40 [ 3 26]
41 [19  3]
42 [19  3 21]
43 [19  3]
44 [19  3]
45 [19  3]
46 [19  3]
47 [19  3]
48 [19  3]
49 []
50 []
51 []
52 [12]
53 []
54 []
55 []
56 []
57 []
58 []
59 []
60 [12]
61 []
62 []
63 [12]
64 [19]
65 [19]
66 [3]
67 [17  3]
68 []
69 []
70 [3]
71 []
72 []
73 []
74 []
75 []
76 []
77 []
78 []
79 []
80 []
81 []
82 [19]
83 [19]
84 [19]
85 [19]
86 [19]
87 []
88 []
89 []
90 []
91 []
92 []
93 []
94 []
95 []
96 []
97 []
98 []
99 []
100 []
101 []
102 []
103 []
104 []
105 [2]
106 []
107 [2]
108 []
109 []
110 []
111 []
112 []
113 []
114 []
115 []
116 []
117 []
118 [19]
119 [21]
120 [21]
121 []
122 []
123 []
124 []
125 [3]
126 [11]
127 [11]
128 [11 13]
129 []
130 [13]
131 [11]
132 [11]
133 []
134 []
135 []
136 []
137 []
138 []
