0 []
1 [1 3]
2 [3 1]
3 [1 3 2]
4 [1]
5 [31]
6 [31]
7 [31]
8 [31]
9 [31]
10 [31]
11 [31]
12 []
13 []
14 [15]
15 [15]
16 [15]
17 []
18 [15]
19 [15]
20 [15]
21 [3]
22 [3]
23 [3]
24 [3]
25 []
26 []
27 []
28 []
29 []
30 []
31 []
32 []
33 []
34 [31]
35 [31]
36 [31]
37 [31]
38 [31]
39 []
40 []
41 []
42 []
43 []
44 []
45 []
46 []
47 []
48 []
49 []
50 []
51 []
52 []
53 []
54 []
55 []
56 [31]
57 [31]
58 [31]
59 [31]
60 [31]
61 [31]
62 [31]
63 [31]
64 [31]
65 [3]
66 [3]
67 [3]
68 []
69 [3]
70 []
71 [3]
72 [11]
73 [11]
74 [11]
75 [11]
