0 []
1 []
2 []
3 []
4 []
5 [12 17]
6 [17 19 12]
7 [12 17 17]
8 [17 12 19]
9 [17 12]
10 [17  1]
11 []
12 []
13 [19 12]
14 [12]
15 []
16 []
17 [3]
18 [17]
19 [17  3 17]
20 [ 3 17]
21 [3]
22 [17 12]
23 []
24 []
25 []
26 []
27 []
28 [3]
29 []
30 [3]
31 []
32 [17 19  3]
33 []
34 []
35 []
36 [12]
37 [17]
38 []
39 [ 3 17]
40 [17  3]
41 [19  3 19]
42 []
43 [19 17]
44 []
45 [3]
46 [19  3 17]
47 [19 17  9]
48 [3]
49 []
50 [17]
51 [19  3]
52 [19  3]
53 [17 19  3]
54 [3]
55 []
56 [19  3]
57 [19  3]
58 []
59 []
60 []
61 []
