0 [19 19  3 19 19 17]
1 [19 19  3]
2 [19 19  3 19 17 17]
3 [19  3 19 19 17]
4 [ 3 19 19 19 19]
5 [19 19  3 19 34]
6 [19 19  3 19]
7 [19 19  3 19 17]
8 [19 19  3 19 17 19]
9 [19 19 17  3 17 19 17 17 17  1]
10 [19  3 19 19 19 17 17]
11 [19 19  3 19 19 17]
12 [19 19 19 19 19  3]
13 [19 19 19  3 19]
14 [19 19  3]
15 [19 19  3 19]
16 [19 19 19  3]
17 [19 19 19 19  3]
18 [19 19 19  3 19]
19 [19 19  3 19 19 17]
20 [19 19 19  3 19 17]
21 [19 19 19  3 19]
22 [19 19 19 19  3 19]
23 [19 19 19 19  3]
24 [19 19 19  3 19 17]
25 [19 19  3 19 17]
26 [ 3 19 19 17 19]
27 [19  3 19 19 17  9]
28 [19  3 19]
29 [ 3 19 19 17]
30 [19 19  3]
31 [19  3 19]
32 [19 19 19  3 19 17]
33 [19 19 19 19  3 17]
34 [19 19 19 19  3 17]
35 [19 19 19  3]
36 [19 19 19  3 19 17]
37 [19 19 19  3 17 19]
38 [19 19 19  3 19]
39 [19 19 19  3 17  9]
40 [19 19 19  3 19]
41 [19 19  3 17 17 19  4]
42 [19  3 19]
43 [19 19  3 19 17]
44 [19 19  3 19]
45 [19 19 19  3 19]
46 [19 19  3 19]
47 [19 19  3 19]
48 [19 19 19  3]
49 [19 19 19  3]
50 [19 19 19  3]
51 [19 19  3 17]
52 [19 19  3 19]
53 [19 19 19  3 19]
54 [19 19  3 19]
55 [19 19  3]
56 [19 19 19  3 19]
57 [19 19 19  3]
58 [19 19 19  3]
59 [19 19 19  3]
60 [19 19 19]
61 [19 19  3]
62 [19 19  3]
63 [19 19  3]
64 [19 19 19 19  3 17 17]
65 [19 19 19  3 19]
66 [19 19  3 19 19 17]
67 [19 19 19  3 19 17]
68 [19 19  3 19 19]
69 [19 19 19  3 17]
70 [19 19 19  3 19 19]
71 [19 19  3 17  1]
72 [19 19  3 19 19]
73 [19 19 19  3 19]
