0 [19 19 19]
1 [19 19 19]
2 [19]
3 [19 21 19]
4 [21 19]
5 [21]
6 [21]
7 [21 19]
8 [21 19]
9 [19 21]
10 [19]
11 [19 19]
12 [19]
13 [19]
14 [19 19]
15 [19]
16 [19 19]
17 [19]
18 [19]
19 [19]
20 [19 19 19]
21 [19]
22 []
23 [19]
24 [19 19]
25 [19 19]
26 [19]
27 [19]
28 [19]
29 [19]
30 [19]
31 [19 19]
32 [19 19]
33 [19 19]
34 [19]
35 [19 19]
36 [19 19]
37 [19 21 19]
38 [19]
39 [19]
40 [19]
41 [19 19]
42 [19]
43 [19]
44 []
45 [22]
46 [ 1 22]
47 [19 22]
48 [22]
49 []
50 []
51 [17]
52 [17]
53 []
54 [19]
55 [19]
56 [19]
57 [19 19]
58 [19 19]
59 [19 19]
60 [19  3  4]
61 [19  9]
62 [19 19]
63 [19]
64 [19]
65 [19 19 19  4]
66 [19 17]
67 [19 19 19 21]
68 [19 19]
69 [19 19]
70 [19]
71 [19]
72 [19]
73 []
74 [19]
75 [19]
76 [19]
77 [19]
78 [21 19]
79 [19]
80 [19]
81 [19 19 19]
82 [19]
83 [19 19]
84 [19]
