0 [7]
1 [17]
2 [17]
3 []
4 []
5 []
6 []
7 [17]
8 [17]
9 []
10 []
11 [17]
12 []
13 []
14 []
15 []
16 []
17 []
18 []
19 []
20 []
21 []
22 [12]
23 []
24 []
25 [11]
26 []
27 [17 17]
28 []
29 []
30 [7]
31 [17]
32 []
33 []
34 []
35 []
36 []
37 []
38 []
39 []
40 []
41 []
42 []
43 [17]
44 []
45 []
46 []
47 []
48 []
49 [3]
50 []
51 []
52 []
53 []
54 []
55 [17 12]
56 [12]
57 [19  3 12]
58 [12]
59 [12]
60 []
61 []
62 [12]
63 [12]
64 []
65 [17]
66 [17]
67 [17]
68 []
69 [17]
70 [17]
71 [3]
72 []
73 []
74 []
75 []
76 []
77 [17]
78 []
79 []
80 [17 11]
81 [17]
82 [ 3 17]
83 []
84 [17  3]
85 [17]
86 []
87 []
88 [17]
89 [17]
90 []
91 []
92 [11]
93 []
94 []
95 [17]
96 []
97 [17]
98 [11]
99 [11  3]
100 []
101 []
102 []
103 [3]
104 []
105 [17]
106 []
107 []
108 [17]
109 []
110 [ 3 17]
111 []
112 []
113 []
114 []
115 []
116 []
117 []
118 []
119 []
120 []
121 []
122 [17 17]
123 [17]
124 []
125 [17]
126 [17]
