0 []
1 []
2 []
3 []
4 []
5 []
6 []
7 []
8 []
9 []
10 [31 31]
11 [31 31]
12 [31 31]
13 [31 31]
14 [31 31]
15 [31 31]
16 [31 31]
17 [31 31]
18 [31 31]
19 [31 31]
20 [31 31]
21 [31 31]
22 [31 31]
23 [31 31]
24 [31 31]
25 [31 31]
26 [31 31]
27 [31 31]
28 [31 31]
29 [31 31]
30 [31 31]
31 [31 31]
32 [31]
33 [38  3]
34 [3]
35 [3]
36 [3]
37 [3]
38 [3]
39 [3]
40 [3]
41 [3]
42 [3]
43 [3]
44 [3]
45 [3]
46 [3]
47 [3]
48 [3]
49 []
50 []
51 []
52 []
53 [3]
54 [3]
55 [3]
56 [3]
57 [3]
58 [3]
59 [3]
60 []
61 []
62 []
63 []
64 []
65 []
66 []
67 []
68 []
69 []
70 []
71 []
72 []
73 []
74 []
75 []
76 []
77 []
78 []
79 []
80 []
81 []
82 []
83 []
84 []
85 []
86 []
87 []
88 []
89 []
90 []
91 []
92 []
93 []
94 []
95 [3]
96 [3]
97 [3]
98 [3]
99 [3]
100 [3]
101 []
102 []
103 []
104 []
105 []
106 []
107 []
108 []
109 []
110 []
111 []
112 []
113 []
114 []
115 []
116 []
117 [11 22]
118 [11 22 19]
119 [22 11]
120 [22 11]
121 [11]
122 []
123 []
124 []
125 []
126 []
127 []
128 []
129 []
130 []
131 []
132 []
