0 [19]
1 [19]
2 [19]
3 [19 17]
4 [19 17]
5 [19 17]
6 [19 17]
7 [19 17]
8 [19 17]
9 [19]
10 [19 17]
11 [19  4 17]
12 [19  1 17]
13 [19 17]
14 [19]
15 [19 17]
16 [19  1 17  4]
17 [19]
18 [19 17]
19 [19]
20 [19 17]
21 [19 17]
22 [19 17]
23 [17]
24 [17]
25 []
26 [17]
27 [19 17]
28 [19 17]
29 [19 17]
30 [19]
31 [19]
32 [19]
33 [19 17]
34 [19 17]
35 [19]
36 [19]
37 [19]
38 [19 17]
39 [19 17  9]
40 []
41 []
42 [17  9]
43 [7 9]
44 [9 7]
45 [ 9  7 17]
46 [9]
47 [7]
48 [9 7]
49 [7]
50 [9 1]
51 [9 1]
52 [4 9]
53 [17]
54 [ 9 17]
55 [17  9]
56 [17  9  1]
57 [17  1]
58 [19]
59 [17]
60 [17]
61 [17]
62 [17]
63 [17]
64 [17]
65 [17]
66 [17]
67 [17]
68 [17]
69 [17]
70 [17]
71 [17]
72 [17]
73 [17  6]
74 [17]
75 [17]
76 [17]
77 [17]
78 [17]
79 [17]
80 [17]
81 [17]
82 [17]
83 [17 19]
84 [19 17]
85 [17]
86 [17]
87 [17 19]
88 [17]
89 [17]
90 [17]
91 [17  1]
92 [17]
93 [17]
94 [17]
95 [17]
96 [17]
97 [17]
98 [17]
99 [17]
100 [17]
101 [17]
102 [17]
103 [17]
104 [17]
105 [17]
106 [ 1 17]
107 [17]
108 [19  1  3]
109 [19  1]
110 [19  1  3]
111 [ 1 19  3]
