0 []
1 []
2 []
3 []
4 []
5 []
6 []
7 []
8 []
9 []
10 []
11 []
12 []
13 []
14 [19 19  3]
15 [19  3]
16 [3]
17 []
18 [3]
19 [3]
20 [19  3]
21 [1]
22 [19 19]
23 []
24 [19]
25 [19]
26 [19]
27 [19]
28 [19]
29 [19]
30 []
31 [19]
32 [19]
33 [19 19]
34 []
35 []
36 [17  3]
37 [ 3 19]
38 [3]
39 [ 3 19]
40 []
41 []
42 []
43 []
44 [3]
45 [3]
46 []
47 [19 19 19]
48 [19  3]
49 [19 19  3]
50 [19  3]
51 []
52 []
53 [16]
54 []
55 [19]
56 []
57 [3]
58 []
59 [3]
60 [19]
61 []
62 [19]
63 []
64 []
65 [19]
66 [19]
67 []
68 [19]
69 [19]
70 [19 19]
71 []
72 []
73 []
74 []
75 []
76 []
77 [19 19  3]
78 [19 19 19  3]
79 [19]
80 [19 19  3 19]
81 [19 19 19  1]
82 [19 19]
83 [19 19  3]
84 []
85 [19]
86 [19]
87 [19 19]
88 [19]
89 [19]
90 []
91 []
92 []
93 [19 19]
94 [19 19]
95 [19]
96 [27]
97 [19]
98 [19]
99 [19]
100 [19]
101 [19]
102 [19]
103 [19]
104 [19]
105 []
106 [19]
107 [19]
108 []
109 [19]
110 [19 19]
111 [19]
112 [19]
113 []
114 [19 19]
115 [19 19]
116 []
117 []
118 []
119 []
120 [19]
121 []
122 []
123 [19 19]
124 [19]
125 [19 19]
126 []
127 []
128 []
129 [19]
130 []
131 [19 19]
132 [19]
133 []
134 []
135 [19]
136 [19]
137 []
138 []
139 []
140 [7]
141 []
142 []
143 []
144 []
145 []
146 []
147 []
148 []
149 []
150 []
151 []
152 []
153 []
154 []
155 []
156 []
157 []
158 []
159 []
160 []
161 []
162 []
