0 []
1 [1]
2 [1]
3 [17]
4 [17]
5 []
6 [1]
7 [1]
8 [1]
9 [1]
10 [1]
11 [ 1 17]
12 []
13 [1]
14 [1]
15 [1]
16 []
17 [1]
18 [1]
19 [1 2]
20 [1]
21 [2 1]
22 []
23 []
24 [3]
25 []
26 []
27 [1]
28 [1 3]
29 [17]
30 [1]
31 []
32 []
33 [1]
34 [3]
35 [3]
36 [3]
37 [3]
38 []
39 [2 1]
40 [2 1]
41 [2 1]
42 []
43 []
44 []
45 []
46 []
47 []
48 []
49 [3]
50 []
51 [15]
52 [15 16]
53 [15]
54 []
55 [15]
56 []
57 []
58 []
59 []
60 []
61 []
62 []
63 []
64 []
65 []
66 []
67 []
68 []
69 []
70 []
71 []
72 []
73 []
74 []
