0 [21 19]
1 [19]
2 [19 21]
3 [19]
4 [19]
5 [2]
6 [19]
7 [19]
8 [ 1 19]
9 [19]
10 [1]
11 []
12 []
13 []
14 []
15 []
16 []
17 [2]
18 []
19 [15]
20 []
21 [19]
22 [1]
23 [19]
24 []
25 []
26 []
27 [1]
28 [1]
29 []
30 []
31 [19]
32 [2]
33 [19]
34 []
35 [19]
36 [15 17]
37 []
38 [19]
39 []
40 []
41 [19  1 15]
42 [17  1]
43 [15]
44 []
45 [15]
46 []
47 [17  9]
48 [15]
49 [19]
50 []
51 []
52 []
53 []
54 []
55 []
56 []
57 [19]
58 []
59 [1]
60 []
61 []
62 [1]
63 []
64 [1]
65 []
66 []
67 []
68 []
69 []
70 []
71 [19  1]
72 []
73 [ 9 17]
74 [17]
75 [17 15]
76 [2]
77 [ 2 17]
78 [2]
79 [1]
80 [ 1  1 15]
81 [15]
82 []
83 [1]
84 []
85 []
86 [19  1]
87 []
88 []
89 [1]
90 []
91 [19]
92 []
93 [1]
94 [1]
95 []
96 []
97 []
98 []
99 []
100 [1]
101 [1]
102 []
103 [1]
104 [15 17]
105 [ 1 17]
106 [ 1 15]
107 [ 1  2 17]
108 [ 1 15 17]
109 [1]
110 [1]
111 []
112 []
113 []
114 [1]
115 []
116 []
117 []
118 []
119 []
120 []
121 [19]
122 [19  1]
123 []
124 []
125 [1]
126 []
127 []
128 []
129 []
130 []
131 []
132 []
133 []
134 []
135 [12]
136 []
137 [1]
138 [15]
139 [17  9]
140 []
141 []
142 []
143 [1]
144 [1]
145 [ 1 17]
146 []
147 []
148 []
149 []
150 []
151 [1]
152 [17 17  9]
153 [17]
154 []
155 []
156 []
157 [9]
158 [17]
159 []
160 []
161 []
162 []
163 [17]
164 []
165 [15  2]
166 [1]
167 []
168 []
169 []
170 []
171 []
172 [1]
173 []
174 []
175 []
176 [1]
177 []
178 []
179 []
180 [1]
181 []
182 []
183 []
184 [1]
185 []
186 [1]
187 [17]
188 []
189 []
190 [12]
191 [12]
192 []
193 []
194 []
195 [15]
196 []
197 []
198 []
199 []
200 []
201 [19 21]
202 [19 21 21]
203 [19  1]
204 []
205 [1]
206 [17]
207 []
208 []
209 []
210 []
211 [19]
212 [19  1]
213 [ 1 17 19]
214 [19 17]
215 [19  1]
216 [19]
217 [ 1 19  2  9]
218 [1 1 2]
219 [ 1 17  1]
220 [1 2]
221 [2]
222 [1 2]
223 [2 1]
224 [9]
225 []
226 []
227 []
228 []
229 []
230 []
231 []
232 []
233 []
234 []
235 []
236 []
237 [1 2]
238 [2]
239 [3]
240 []
241 [12]
242 [19 21]
243 [22]
244 []
