0 [7]
1 [7]
2 [7]
3 [7]
4 [7]
5 [7]
6 [7]
7 [7]
8 [7]
9 [ 6 17]
10 [18]
11 [ 6 18]
12 [18]
13 [ 6 18]
14 []
15 [1]
16 []
17 []
18 [26]
19 []
20 []
21 []
22 []
23 []
24 []
25 [17]
26 [21 17]
27 [6]
28 [6 6]
29 [ 6 31]
30 [ 6 16]
31 [6]
32 [6]
33 [ 6 17]
34 [ 6 17]
35 [ 6 17]
36 [ 6 17  6]
37 [17]
38 [36  6]
39 [7]
40 []
41 [11]
42 [11]
43 [11]
44 [7]
45 [7]
46 [ 7 17]
47 [4 7]
48 [7]
49 [7]
50 [7]
51 [7]
52 [17]
53 [7]
54 [7]
55 [7 4]
56 [ 7  4 17]
57 [19  7]
58 [17]
59 [ 7 17]
60 [ 1 17]
61 [17]
62 [17]
63 [17]
64 [17]
65 []
66 []
67 [17]
68 []
69 []
70 [17]
71 []
72 []
73 []
74 []
75 []
76 []
77 []
78 []
79 []
80 []
81 []
82 []
83 [3]
84 []
85 []
86 []
87 []
88 []
89 []
90 []
91 []
92 []
93 [17]
94 [17]
95 [17]
96 [17]
97 [ 7 17]
98 [7]
99 [17]
100 []
101 [17]
102 [17]
103 [2]
