0 [21 22 11]
1 [21 11 19 22]
2 [21 19 22]
3 [21 19 22 11]
4 [21 19 11]
5 [21]
6 [21 19 22]
7 []
8 []
9 []
10 []
11 []
12 []
13 [21]
14 [21 38]
15 [21 38]
16 [38 21]
17 [21]
18 [21 38]
19 [19 21]
20 [19  3]
21 [19  3]
22 [19  3]
23 [19  3]
24 [3]
25 [3]
26 [3]
27 [3]
28 [3]
29 [19]
30 [19 38]
31 [19]
32 [19 38]
33 [19 38]
34 [19]
35 [19 38]
36 [19 38]
37 [19 38]
38 [19 38]
39 [19 38]
40 [19]
41 [22 22 11]
42 [22 22]
43 [22 22 21]
44 [22 22]
45 [22 21 22]
46 [22 21]
47 [22 22]
48 [22 11 22]
49 [19 38]
50 [19 38]
51 [19 38]
52 [19 38]
53 [21 19]
54 [21 22]
55 [21 19 22 38]
56 [21 22 19]
57 [21 22]
58 [22 21 19]
59 [21]
60 []
61 []
62 []
63 []
64 []
65 []
66 []
67 []
68 []
69 []
70 []
71 []
