0 []
1 []
2 []
3 [21 22]
4 [21 22]
5 [21 22]
6 [21 22]
7 [21 21]
8 [3]
9 [3]
10 [3]
11 [3]
12 [3]
13 [3]
14 [3]
15 [3]
16 [3]
17 [3]
18 [3]
19 [3]
20 [3]
21 [3]
22 [3]
23 [ 3 22]
24 [ 3 22]
25 [ 3 22]
26 [ 3 22]
27 [3]
28 [3]
29 [3]
30 [3]
31 [3]
32 [3]
33 [3]
34 [3]
35 [3]
36 [3]
37 [3]
38 [3]
39 [3]
40 [3]
41 [3 4]
42 [3 4]
43 [3 4]
44 [3 4]
45 [3 4]
46 [3 1 4]
47 [3]
48 [3]
49 [3]
50 [3]
51 []
52 []
53 []
54 []
55 []
56 [19]
57 [14 38]
58 [14 38]
59 [14]
60 [14]
61 [14]
62 []
63 []
64 []
65 []
66 []
67 []
68 []
69 []
70 []
71 [ 3 38 38]
72 [ 3 38]
73 [ 3 38]
74 [ 3 38]
75 [3]
76 [3]
77 [3]
78 [3]
79 [3]
80 [3]
81 [3]
82 [3]
83 [3]
84 []
85 []
86 []
87 []
88 []
