0 [19 14]
1 [14 19]
2 [19 14]
3 [19 14]
4 [19 14]
5 [19 14]
6 [14 19]
7 [19 14]
8 [19  4]
9 [19 19]
10 []
11 [15 18  2]
12 [19  2]
13 [2]
14 []
15 [19]
16 []
17 [37 37]
18 [37]
19 []
20 [37]
21 [19 19]
22 [19 19]
23 [19]
24 [19 20]
25 [19  4 22]
26 [19]
27 [ 4 19]
28 [19  4  4]
29 [19  4 22]
30 [19  4  6  9]
31 [19  4 31]
32 [19]
33 [31 31  4 26]
34 [31 19 31]
35 [4]
36 [19 30 14 32]
37 [19 14]
38 [9]
39 [ 4 31 31 19]
40 [ 4 19]
41 [4]
42 [4]
43 [4]
44 [4]
45 [4]
46 []
47 []
48 [19]
49 [ 4 22]
50 [ 4 19]
51 [19  4]
52 [19  4]
53 [4]
54 [4]
55 [19]
56 [19 19]
57 [19 19]
58 [19]
59 [19]
60 [4]
61 [4]
62 [4]
63 [4]
64 [19  4]
65 [4]
66 [ 4 19]
67 [19  4 19]
68 [ 4 19 19 19  6]
69 [4]
70 [ 4 31 19]
71 [ 4 19]
72 [19 31]
73 [19  4]
74 [19]
75 [19  4]
76 [19  9  4]
77 [19  4  9]
78 [19 14  4]
79 [19 14  9]
80 [19  4]
81 [4]
82 [4]
