0 [ 4 11]
1 [4]
2 [4]
3 [4]
4 []
5 [19]
6 []
7 [10  9 19]
8 [1]
9 [1]
10 []
11 [ 4 19]
12 [19  4]
13 [19  4]
14 [19]
15 [19]
16 [19]
17 [19]
18 [19  4  1]
19 [ 4 19]
20 [4]
21 [19]
22 [19]
23 [19]
24 [19]
25 [19]
26 [12 19]
27 []
28 [28]
29 []
30 []
31 []
32 []
33 [34]
34 []
35 []
36 []
37 []
38 []
39 []
40 [21]
41 []
42 [4]
43 [4 9]
44 [9]
45 [9]
46 [19 12]
47 [12]
48 [12  9]
49 [12]
50 [12]
51 [9]
52 [12]
53 [12]
54 [12]
55 [19]
56 [19]
57 [4 9]
58 []
59 []
60 [19]
61 [9]
62 []
63 [17 17]
64 []
65 [17]
66 [9 1]
67 [4]
68 []
69 [4]
70 []
71 [12  1]
72 []
73 [ 4 10]
74 [4]
75 [9 4]
76 []
77 [4]
78 [7 4]
79 [9]
80 [4]
81 [9 4]
82 []
83 [12  4]
84 [4]
85 [4 7]
86 [9 4]
87 []
88 [4]
89 [4]
90 [10]
91 [9]
92 []
93 [12]
94 [14]
95 [4 2]
96 [4]
97 [2]
98 []
99 [17 10  9]
100 [10  4]
101 [ 4 10]
102 [10]
103 [14]
104 []
105 []
106 []
107 [ 2 12]
108 [12]
109 [12  2]
110 [19 12  4]
111 [19  4]
112 [19  4]
113 [9]
114 []
115 [19  9]
116 [19]
117 [19]
118 [4]
119 [19]
120 [4]
121 []
122 []
123 []
124 [19]
125 [12]
126 [1]
127 [19]
128 [4]
129 [19]
130 []
131 []
