0 []
1 []
2 []
3 []
4 [7]
5 [4]
6 [4]
7 []
8 [19]
9 []
10 [19]
11 [19 38]
12 [19]
13 [19]
14 [21 21 19]
15 [21 19 21]
16 [21]
17 [38 19]
18 [38]
19 [38 19]
20 [38]
21 [38  9 21]
22 [21 21 21  4  1]
23 [ 9 21 21 21 19]
24 [19 19 21 21  4]
25 [21 21 19 19]
26 [21 19 21  4  9]
27 [19 21 21 38]
28 [19 21 21  4]
29 [19 21 21 38]
30 [19 19 21 21]
31 [19 19 21 21  4  1]
32 [19  4 19 21 21]
33 [ 4 19 21 21]
34 [21 21 19  4]
35 [21 21  4 19  1]
36 [19 21 21]
37 [19 38 21 21 21]
38 [19 38 21 21]
39 [ 4 21]
40 [19  4 21 21 38]
41 [19  4 21 21 38]
42 [ 4 19 21 21]
43 [19  4 21 21 38]
