0 [19  4 10]
1 [19]
2 [19 10]
3 [19]
4 [19 10]
5 [19]
6 [19]
7 [19 19 10]
8 [ 4 19  9  4]
9 [ 9 19  4  9]
10 [4 9]
11 [4 4]
12 [4]
13 [4]
14 [4]
15 [4]
16 [4]
17 []
18 [4 9]
19 [ 4 10  9 19]
20 [9]
21 [ 4 10]
22 [ 4 19  9]
23 [4]
24 [9]
25 [9]
26 [9]
27 [10  4]
28 [4]
29 [10  4 19]
30 [4]
31 [7]
32 []
33 [19]
34 [19  4  7]
35 [19  7]
36 [19]
37 [19]
38 []
39 []
40 [19]
41 [19 19]
42 [9]
43 [19 19]
44 [19 19]
45 [19 19]
46 [19]
47 [19]
48 []
49 []
50 [4 4]
51 [9]
52 [9]
53 [9 9]
54 []
55 [19]
56 [19]
57 [19]
58 [19  9 10]
59 [9]
60 [9]
61 []
62 [19]
63 [19]
64 []
65 []
66 []
67 []
68 []
69 [4 7]
70 []
71 [19]
72 []
73 [19]
74 []
75 [19]
76 [19]
77 [19]
