0 []
1 [4]
2 []
3 [9]
4 []
5 []
6 []
7 []
8 [2]
9 [2]
10 [2]
11 [2]
12 []
13 [27]
14 []
15 []
16 [19]
17 [1]
18 []
19 []
20 []
21 []
22 []
23 [15]
24 []
25 []
26 []
27 [5]
28 []
29 []
30 []
31 []
32 []
33 []
34 []
35 []
36 []
37 [15]
38 []
39 [19 21  1]
40 [1]
41 []
42 []
43 []
44 []
45 []
46 []
47 []
48 []
49 []
50 []
51 []
52 []
53 []
54 []
55 [1]
56 []
57 []
58 [1]
59 []
60 []
61 []
62 []
63 []
64 []
65 []
66 []
67 []
68 [17]
69 []
70 [9]
71 []
72 []
73 []
74 []
75 [19 12]
76 []
77 [30]
78 []
79 []
80 [19]
81 [19]
82 [19]
83 [19]
84 [1]
85 []
86 []
87 []
88 [19]
89 [4]
90 []
91 [28]
92 []
93 [19]
94 []
95 []
96 []
97 []
98 []
99 [14]
100 []
101 []
102 []
103 [1]
104 []
105 []
106 []
107 []
108 []
109 []
110 [15]
111 []
112 []
113 []
114 []
115 []
116 [15]
117 []
118 []
119 []
120 []
121 []
122 []
123 []
124 []
125 []
126 []
127 []
128 []
129 []
130 []
131 []
132 []
133 []
134 []
135 []
136 []
137 []
138 []
139 []
140 []
141 []
142 []
143 []
144 []
145 [1]
146 [1]
147 []
148 []
149 []
150 []
151 [19]
152 []
153 [3]
154 []
155 []
156 []
157 []
158 []
159 []
160 []
161 [15]
162 [28]
163 []
164 [ 1 19]
165 []
166 []
167 [19]
168 [21 19]
169 []
170 []
171 []
172 [27]
173 [27]
174 []
175 []
176 []
177 []
178 []
179 []
180 []
181 []
182 []
183 []
184 []
