0 [19]
1 []
2 []
3 []
4 []
5 []
6 []
7 [19]
8 [19]
9 [19]
10 []
11 [19]
12 []
13 [19]
14 []
15 []
16 []
17 []
18 []
19 []
20 []
21 []
22 []
23 []
24 []
25 []
26 [19]
27 [28]
28 []
29 [17]
30 []
31 []
32 []
33 [19]
34 []
35 [19]
36 [19 19  4]
37 []
38 [19]
39 []
40 [19]
41 [19]
42 []
43 [19 19]
44 [19]
45 [19 19  3]
46 [19]
47 [19 19]
48 [19]
49 [19]
50 [19 19  3]
51 [19 19  3]
52 []
53 [19]
54 [19]
55 [19]
56 []
57 []
58 []
59 []
60 []
61 []
62 []
63 []
64 []
65 []
66 []
67 []
68 []
69 [3]
70 []
71 [38  3]
72 [38  3]
73 []
74 [38]
75 [38]
76 [19 21]
77 [19 19]
78 [19  3]
79 [19 19  3]
80 [19]
81 [19 19]
82 [3]
83 []
84 [38 19]
85 [19 19 38]
86 [38 19 19]
87 [38]
88 []
89 []
90 [ 4 19]
91 [4 9]
92 []
93 [19 19]
94 [19  3]
95 [19  3]
96 [19  3 12]
97 [19]
98 [19  3]
99 [19  3]
100 [19 19  3]
101 [19 19  3]
102 [19  3]
103 [3]
104 [3]
105 [19  3]
106 [19  3 19]
107 [19 19]
108 [19 19 19  3]
109 [19  3]
110 [19  3]
111 [19 19 19 17 19  3]
112 [19 19  1 17  3]
113 [19 19]
114 [19 19 17]
115 [19 12 21]
116 [19 19 17 12]
117 [ 3 12  4]
118 [19]
119 [19 12]
120 [ 4 11 19  9]
121 [19 17]
122 [3]
123 [19  3 19]
124 [19 19]
125 [19 19  4]
126 [19 19  4]
127 [19  4]
128 [4 3]
129 [19  3]
130 [ 4 33  9  3  9]
131 [ 4 19]
132 [19 21 19  3 17]
133 [ 4 17 19]
134 [19 19 17  3]
135 [19 17]
136 [19 19 19  9 12]
137 [19 17  9  9]
138 [ 4 19  9  3]
139 [19 19  3]
140 [19 19 19]
141 [19 19 21]
142 [19 19]
143 [19 19 19]
144 [19 19  3]
145 [19 19 19  3]
146 [19 19 19  3]
147 [19 19 19  3 19]
148 [19]
149 [19 19 19]
150 [19 19  3 19]
151 [19 19  3]
152 [19 21 19 19]
153 [19 19]
154 [19  3]
155 []
156 [19]
157 [19]
158 []
159 [ 3 19]
160 [19  3]
161 [19 19  3]
162 [19  3]
163 [19]
164 [19 10]
165 [19 19  3]
166 [19 19 17]
167 [19  3]
168 [19 19 19 21]
169 [19 19 19 19]
170 [19 19]
171 [19]
172 [21 19]
173 [21]
174 [21  4]
175 [21]
176 [10]
177 []
178 []
179 [21]
180 [21]
181 [21]
182 [19 21]
183 [21 19]
184 [21 19  4]
185 [21  4 19]
186 [21 19]
187 [21 19 19 10]
188 [21  4]
189 [21  4 19 19]
190 [21 19 21 10]
191 [21 19 10  4]
192 [21  4 19 10]
193 [21]
194 [21 10]
195 [21 10  4 19]
196 [21 19]
197 [21]
198 [21 21 19  4 21]
199 [19]
200 [21]
201 [19 21]
202 [19]
203 [19 21]
204 [19 21 10 21]
205 [21 19]
206 [21]
207 [21 21 10]
208 [10]
209 [21]
210 [4]
211 []
212 [19]
213 [19  4 19]
214 [21  4  4]
215 [19  4]
216 [19 21 19  4  4]
217 [19]
218 [19 19 19  4]
219 [19]
220 [21 19]
221 [19 19  4 21 19]
222 [21 21 19]
223 [19 19]
224 [19  4]
225 [19 19]
226 [19]
227 [21 19 19 19  4]
