0 []
1 []
2 []
3 [ 6 19]
4 [6]
5 [19  6]
6 [19  6]
7 [19  6]
8 [19]
9 [1]
10 [19  1]
11 [19  1]
12 [19]
13 [19  1 17]
14 [6]
15 [6]
16 [19]
17 [2]
18 [ 2 15]
19 [19]
20 [19]
21 [19]
22 [6]
23 [13]
24 []
25 [6]
26 [7]
27 [6]
28 [6]
29 [4]
30 [4 7]
31 [4]
32 [7]
33 []
34 []
35 []
36 []
37 []
38 [6]
39 [6]
40 [6]
41 []
42 [4]
43 [4]
44 []
45 []
46 []
47 []
48 []
49 []
50 []
51 []
52 []
53 []
54 []
55 []
56 []
57 [6]
58 [6]
59 []
60 [6]
61 [6]
62 []
63 []
64 []
65 [7 6]
66 []
67 [6]
68 []
69 []
70 []
71 []
72 []
73 []
74 []
75 []
76 []
77 []
78 [6]
79 []
80 []
81 []
82 []
83 []
84 []
85 []
86 [6]
87 [6]
88 []
89 [6]
90 [6]
91 [6]
92 [6]
93 [6]
94 [6]
95 [6]
96 [6]
97 []
98 []
99 []
100 []
101 []
102 []
103 [28]
104 []
105 []
106 []
107 []
108 []
109 [21 19]
110 [19]
111 []
112 []
113 []
114 []
115 []
116 [ 6 11]
117 []
118 []
119 [13]
120 [13]
121 [6]
122 [6]
123 [6]
124 [6]
125 [6]
126 [11]
127 []
128 []
129 []
130 []
131 []
132 [4 6 2]
133 [4]
134 []
135 []
136 []
137 []
138 []
139 []
140 []
141 []
142 []
143 [ 4 17]
144 [12]
145 [4]
146 [4]
147 [4]
148 []
149 [4]
150 [12]
151 []
152 [38]
153 [13 19]
154 []
155 [13 38]
156 [2]
157 []
158 [13]
159 []
160 [13]
161 []
162 []
163 []
164 []
165 [38]
166 [38]
167 [38]
168 [38]
169 [38]
170 []
171 []
172 []
173 []
174 []
175 []
176 []
177 []
178 [4]
179 [4 9 9]
180 []
181 []
182 []
183 [4]
184 []
185 []
186 []
187 []
188 []
189 []
190 []
191 []
192 []
193 []
194 []
195 []
196 []
197 []
198 []
199 []
200 []
201 []
202 []
203 []
204 []
205 [9]
206 [4 9]
207 [ 4 19]
208 [9]
209 [4 1]
210 [6]
211 []
212 []
213 []
214 []
215 []
216 []
217 []
218 []
219 []
220 []
221 [3]
222 [ 3 19]
223 [3 6]
224 [3 6]
225 [3]
226 [3 6]
227 [6 3]
228 []
229 []
230 []
231 []
232 []
233 []
234 []
235 [19]
236 [14]
237 []
238 []
239 []
240 []
241 []
242 []
243 []
244 []
