0 []
1 [19 21  6]
2 [19  6 21]
3 [19 19 21]
4 [19 19 21  6]
5 [19 19 21  6]
6 [19 19 21  6]
7 [19 21 19  6]
8 [19 19 21  6]
9 [19]
10 [4]
11 [19  4]
12 [19]
13 [19]
14 [19 19]
15 [19]
16 [ 4 19]
17 [19]
18 [19]
19 [19]
20 [19  4]
21 [19]
22 [19  4]
23 [19]
24 [19 19]
25 [12]
26 [3]
27 []
28 []
29 [19 21]
30 [19 21 12]
31 [19]
32 [19  6]
33 [19  6]
34 [19  6]
35 [19]
36 [19]
37 [19]
38 [19]
39 [19]
40 []
41 []
42 [19]
43 []
44 []
45 [19]
46 [19]
47 []
48 [ 4 21 21 19]
49 [ 4 21 21]
50 [21  4 21]
51 [ 4 21]
52 [ 4 21 21 21  6]
53 [ 4 21 21]
54 [21 21 19 21  6]
55 [19  6 21]
56 [19 21  6]
57 [19 21 21  6 21]
58 [19  6 21 21 21 21]
59 [7]
60 []
61 [17]
62 [ 1 17]
63 [17  1]
64 [17]
65 []
66 [17]
67 [19]
68 [19]
69 []
70 [19 19]
71 [19 19 19]
72 [19 21  6 19  2]
73 [21 19 21  6]
74 [21 19 21 21  6]
75 [21 19  6 21 19]
76 [19 21  6]
77 []
78 [21  6 19]
79 [6]
80 [11]
81 [11]
82 [11]
83 [6]
84 [2]
85 [19  6 11]
86 [19  6 19]
87 [19  6]
88 [19 19  6]
89 [19  6]
90 [6]
91 [19  6]
92 []
93 [19  2]
94 [7 6]
95 [7]
96 [19  7]
97 [19  7  6]
98 [11]
99 [6]
100 []
101 [19]
102 [19]
103 [19]
104 [19]
105 [19]
106 [4]
107 [19]
108 [19]
109 [19]
110 [19]
111 [19]
112 [19]
113 [19]
114 [19]
115 [19]
116 []
117 []
118 [6]
119 [ 6 19]
120 []
121 [19 11]
122 [19 11  6]
123 [19]
124 [19 19 11]
125 [19 21 11 19  6]
126 [19 11  6]
127 [19 19  6  6]
128 [19 19  6 21]
129 []
130 []
131 [12]
132 [12]
133 []
134 [12]
135 [19]
136 [ 4 19  4]
137 [19]
138 [ 4 19]
139 [4 4 9]
140 [19  4]
141 [ 4 12]
142 [4]
143 [12]
144 []
145 []
146 []
147 []
148 [6 2]
149 []
150 [6]
151 [6]
152 [7]
153 []
154 []
155 []
156 []
157 []
158 []
159 []
160 []
161 []
162 []
163 []
164 []
