0 [19]
1 [19]
2 []
3 []
4 []
5 [12]
6 [19]
7 [19]
8 [19]
9 [19]
10 [19]
11 [19]
12 [19]
13 []
14 [19]
15 [19]
16 []
17 [19 21]
18 [19  9]
19 [19]
20 [19]
21 [19]
22 [19]
23 [19]
24 [19  9]
25 [19]
26 [19]
27 []
28 [19]
29 [19  9]
30 []
31 [19  9]
32 []
33 [19]
34 [9]
35 []
36 [19]
37 [9]
38 [19]
39 [17]
40 [17]
41 [ 7 17]
42 [19 17  7]
43 [19 17  7]
44 [19 17]
45 [19]
46 [19]
47 []
48 [19 12]
49 [19]
50 [19]
51 [19 19 12 17]
52 [19 12]
53 [17]
54 [19 12 17]
55 [19]
56 [19 17]
57 [19 12]
58 [12 19  9]
59 [19 12]
60 [19 12  7]
61 [19 12]
62 [19]
63 [19 12]
64 [19 12]
65 [19 12  9]
66 [19 12  9]
67 [19 12  9]
68 [12 17 19]
69 [17 12  7]
70 [19 12 17]
71 [19 12 17]
72 [19 12]
73 [19 12 17]
74 [19 12  9]
75 [19 12 17]
76 [19 12]
77 [19 12]
78 [19  9 12]
79 [12 17]
80 [19 12]
81 [19 12]
82 [19]
83 [19 12]
84 [19 14]
85 [19]
86 [19 12]
87 [19]
88 [19 12]
89 [19]
90 [19 12]
91 []
92 [19 12]
93 [19 12]
94 [12]
95 [19 12]
96 [19 12]
97 [19 12]
98 [19 12]
99 [19 12]
100 [19 12]
101 [19]
102 [19]
103 [19]
104 []
105 []
106 [19]
107 [19]
108 []
109 [19]
110 [19]
111 []
112 []
113 [19]
114 []
115 [19]
116 [19 14]
117 [19]
118 [19 12]
119 [19]
120 [19]
121 [19]
122 [19]
123 [19]
124 [19]
125 [19]
126 [19  4]
127 [19]
128 [19 34]
129 [19]
130 [19 12]
131 [19]
132 [19]
133 [19]
134 [19]
135 [19]
136 [19]
137 [19]
138 [19]
139 [19]
140 [19]
141 [19 14]
142 [19]
143 [19 12]
144 []
145 [19]
146 [19 12]
147 [19]
148 [19 12]
149 [19]
150 [19 12]
151 [19]
152 []
153 [19]
154 [19 12]
155 [19]
156 [19]
157 [19]
158 [19 12]
159 [19 12]
