0 [19 19 17]
1 [19 19 19 12]
2 [19 19 12 21 21  9]
3 [19 19 21 12 21]
4 [21 19 12  9 21]
5 [19 21  9 19 12]
6 [19 21 19 12]
7 [19 19 21 19]
8 [19 19 19 21 26]
9 [19 19 21 19]
10 [19 19 21 19  4]
11 [19 21 19 19  4 20]
12 [19 21 19 21 19 17]
13 [19 21 21  9]
14 [19 21  4 21 19 19 21]
15 [19 21 21 19  4]
16 [19 19 21  4 21 21]
17 [19 21 21 21 19  4]
18 [19 19 19 21  4]
19 [19 19 21 21 19 34  4]
20 [19 21 19 21  4  4 19]
21 [19 21 21 19]
22 [21 19 21]
23 [21 21 19 21]
24 [21]
25 [21]
26 [21 21]
27 [21 21]
28 [19 21 21 19]
29 [21 21 21]
30 [21 21 21]
31 [19 21 19  4 34]
32 [19  4 19 21]
