0 []
1 []
2 []
3 []
4 []
5 []
6 [12]
7 [12]
8 [12]
9 [19]
10 [19]
11 []
12 []
13 [12]
14 [12]
15 []
16 []
17 []
18 [2]
19 [2]
20 [19]
21 [6]
22 []
23 [19]
24 []
25 [ 9 17]
26 []
27 [2]
28 [4]
29 [4]
30 [4]
31 [11  9]
32 [ 4 19]
33 []
34 [19]
35 [4]
36 [4]
37 [4]
38 [4]
39 [4]
40 [4]
41 [4]
42 [4]
43 [4 7]
44 [4 8]
45 [8 4]
46 [7]
47 [8]
48 [8]
49 []
50 [4]
51 [ 4 18]
52 [1]
53 [2]
54 [1]
55 [2]
56 [12]
57 []
58 []
59 []
60 []
61 []
62 [1]
63 [1]
64 [1]
65 [1]
66 [1]
67 [1]
68 []
69 []
70 []
71 []
72 [15]
73 [15]
74 [15]
75 [15]
76 [16  2]
77 [2]
78 [18]
79 [18  2]
80 [18]
81 [18]
82 [18]
83 [18]
84 [18]
85 [ 4 18]
86 [4]
87 [4 1]
88 [4]
89 [4]
90 [4]
91 [18]
92 [18]
93 [2 7]
94 [2]
95 [2]
96 [18  2]
97 [18  2]
98 [2 7]
99 [2]
100 [2]
101 [2]
102 [2]
103 [2]
104 []
105 []
106 []
107 []
108 []
109 []
110 [4]
111 [15]
112 []
113 []
114 []
115 []
