0 []
1 [ 5 16]
2 [10  4 16]
3 [16  4]
4 [10  4 16]
5 [10 16  4]
6 [10  4  8]
7 [10  4  8]
8 [ 4 10  8]
9 [ 4 16]
10 [10  4]
11 [10  4]
12 [ 4 10]
13 [ 4 10]
14 [ 4 10]
15 [ 4 10]
16 [ 4 10  8]
17 [10  4]
18 [ 4 16]
19 [ 4 10 16]
20 [9]
21 []
22 []
23 [37]
24 []
25 []
26 [5]
27 []
28 []
29 [5]
30 []
31 []
32 []
33 []
34 []
35 []
36 []
37 []
38 []
39 []
40 []
41 []
42 []
43 []
44 []
45 []
46 []
47 []
48 []
49 []
50 []
51 []
52 [1]
53 []
54 []
55 []
56 []
57 []
58 []
59 []
60 []
61 []
62 []
63 []
64 []
65 [5]
66 [5]
67 [5]
68 []
69 []
70 []
71 []
72 []
73 []
74 []
75 []
76 []
77 []
78 []
79 []
80 []
81 []
82 []
83 []
84 [26]
85 [10  9]
86 [26]
87 [3]
88 [3]
89 [ 1 17]
90 []
91 [26]
92 []
93 []
94 []
95 []
96 []
97 []
98 []
99 []
100 []
101 []
102 []
103 []
104 []
105 []
106 []
107 []
108 []
109 []
110 []
111 []
112 []
113 [1]
114 [15]
115 [9]
116 [2]
117 [2 7]
118 [2 7]
119 [2]
120 [2 7]
121 [2 7]
122 [2 7]
123 [2 7]
124 [2 7]
