0 []
1 []
2 []
3 []
4 [19 21]
5 [19]
6 []
7 [19]
8 [19 21]
9 [19 21]
10 [19 21]
11 [19 21]
12 [19]
13 [19 21]
14 [19]
15 [19 21]
16 [19]
17 [19 21]
18 [19]
19 []
20 []
21 []
22 []
23 []
24 []
25 []
26 []
27 []
28 []
29 []
30 []
31 []
32 []
33 []
34 []
35 []
36 []
37 []
38 []
39 []
40 [4]
41 [4]
42 [ 4  9 21]
43 [19]
44 [19]
45 [19]
46 [4]
47 [4]
48 [4 7]
49 [4]
50 [19]
51 []
52 [4]
53 [19]
54 []
55 []
56 [19  9]
57 [19  4]
58 [19  4]
59 []
60 [19]
61 []
62 []
63 []
64 [19]
65 []
66 []
67 []
68 [19]
69 [19]
70 [19 17]
71 [19]
72 [19]
73 [19]
74 [19  9]
75 []
76 [ 4 19  1]
77 [19]
78 [19  4]
79 [19  4]
80 [19]
81 []
82 []
83 [19  4]
84 [ 4 19]
85 [19  4]
86 [4]
87 []
88 [19  4]
89 []
90 []
91 []
