0 []
1 [3]
2 []
3 [3]
4 []
5 []
6 []
7 [19  4  3  1]
8 [19  4  3  4]
9 [19  4  3  4]
10 [19  3 38]
11 [19  3]
12 [19 38  3  1]
13 [ 4 19]
14 [19  4]
15 [ 4 19  4]
16 [ 4  4 19]
17 [19  4  4]
18 [19  4  4]
19 [19]
20 [ 4 19]
21 [ 1  4 19]
22 [19]
23 [19  4  1  4]
24 [19  4  4  1]
25 [19  4  1]
26 [19  4 12]
27 [ 4  4 19]
28 [ 4  4 19]
29 [19  9  4]
30 [19  9  4]
31 [19  4  4]
32 [ 4 19]
33 [ 4 12]
34 [19  4  4]
35 [19]
36 [ 4  9 19]
37 [19  4  4  1]
38 [3]
39 [3]
40 [3]
41 [3]
42 [3]
43 [3]
44 [3]
