0 [22]
1 [22]
2 [22]
3 [22]
4 [22]
5 [22]
6 [22]
7 [22]
8 [22]
9 [21]
10 [19 22]
11 [19 22]
12 [19 22  6]
13 [19]
14 [19]
15 [19]
16 [19 23 22]
17 [19 22]
18 [19 37]
19 [19  6]
20 [19  6]
21 [19  6]
22 [19  6]
23 [19  6]
24 [22]
25 [21]
26 []
27 []
28 [22]
29 [19  6 10]
30 [19  6 23 10]
31 [19  6]
32 [19]
33 [21 19]
34 [30 19 21]
35 [19 21 30]
36 [19 30]
37 [19]
38 [19]
39 [19 10  6]
40 [19  6 10]
41 [19  6 10]
42 [19 22 10]
43 [ 6 10]
44 [19 10]
45 [19]
46 [6]
47 []
48 [ 6 10]
49 [ 6 10]
50 [6]
51 [19  6 10]
52 [ 6 10]
53 [21 10  6]
54 [6]
55 [6]
56 []
57 [38 19 21 38]
58 [38 38 21]
59 []
60 [6]
61 []
62 [6]
63 [19  6]
64 [6]
65 [19  6]
66 [19  6]
67 [19 10]
68 [6]
69 [6]
70 [19  9 10]
71 [19 10]
72 [19]
73 [19 10]
74 [19]
75 [19 21 10]
76 [19 10]
77 [19]
78 [19]
79 [19]
80 [6]
81 [6]
82 [ 6 38]
83 [ 6 38]
84 [ 6 19]
85 [ 6 19]
86 [ 6 19]
87 [ 6 19]
88 []
89 []
90 []
91 []
92 [6]
93 [ 6 19 38]
94 [21 19 10]
95 [19  6 10]
96 [19  6]
97 [19  6 19]
98 [19 10]
99 [6]
100 [30  6]
101 [19 10  9 22]
102 [19 22 10]
103 [19 10 21]
104 [19 21]
105 [19 21 10]
106 [19 21 10]
107 [19 10]
108 [19]
109 [19 21 10]
110 [21 19]
111 [19]
112 [21]
113 [6]
114 [6]
115 [6]
116 []
117 []
118 [19  6]
119 [19]
120 [21 19]
121 []
122 []
123 [19 38]
124 [19]
125 [19]
126 [19  6]
127 [21]
128 [19]
129 [ 6 19]
130 [ 6 19]
131 [ 6 10]
132 [6]
133 [19  6]
134 [19  6]
135 [19 10]
136 [19 10]
137 [14]
138 [10 19]
139 [19 10]
140 [19 10]
141 [19 10]
142 [19  6 10]
143 [19 26 10]
144 [19 10]
145 [19 10]
146 [19  6 10]
147 [19  6]
148 [19 10]
149 [19 10]
150 [19 10  6]
151 [19 10]
152 [19  6]
153 [ 6 19 30 33]
154 [19  6]
155 [19  6]
156 [19  6]
157 [19 19]
158 [19 21]
159 [19 21 22]
160 [19  6]
161 [19  6]
162 [19  6]
163 [19  6]
164 [19  6]
165 [10]
166 [19 10]
167 [19  6]
168 [19  6]
169 [6]
170 [19  6]
171 [19  6]
172 [6]
173 [6]
174 [6]
175 [38  6]
176 [6]
177 [10]
178 [9]
179 [19]
180 [6]
181 [ 6 38]
182 [6]
183 []
184 [6]
185 [19]
186 [19 10]
187 [ 6 19 10]
188 [19  6 10]
189 [19  6 10]
190 [19]
191 [19  6]
192 [6]
193 [ 6 19]
194 [9 6]
195 []
196 []
197 [19 19]
198 []
199 []
200 [ 6 22]
201 [22]
202 [10]
203 [10]
204 []
205 [6]
206 []
207 []
208 []
209 [10 19]
210 [21 19 10  6]
211 [ 6 19]
212 [ 6 19]
213 [6]
214 [19  6]
215 [19  6]
216 [19  6]
217 [19 21]
218 [19 21]
219 [19]
220 [19]
221 [19  6]
222 [19 10 21  6]
223 [19 10  6]
224 [19 10  6]
225 [19 10  6]
226 [19 10]
227 [19 10]
228 [19 10]
229 [19 10]
230 [10]
231 [ 6 10 19]
232 [ 6 10]
233 [19  6]
234 [19  6]
235 [19]
236 [19  6]
237 [19  6]
238 [19  6]
239 [19  6]
240 [19  6]
241 [19 22]
242 [19]
243 [19  9]
244 [19]
245 [19 10]
246 [19 10]
247 [19 10]
248 [19 10]
249 [19 10]
250 [19]
251 [19 10]
252 [19 10]
253 [19]
254 []
255 []
256 [10]
257 [10]
