0 []
10 []
20 []
30 []
40 []
50 []
60 []
70 []
80 []
90 [19 19 26 26 37]
100 [19]
110 [19]
120 [19 26 21 37]
130 [19 26 21 14]
140 [19 19 26 14 21]
150 [19 19 26 14]
160 [19 19 26]
170 [19 19 22 14]
180 [19 19 22 37]
190 [19 19 22 26]
200 [19 19 22 26]
210 [19 19 22 26 37]
220 [19 19 22 10 26]
230 [19 19 22 10 26 10]
240 [19 19 22 26 10]
250 [19 19 22 10  9]
260 [19 10 22 19 26]
270 [19 22 10 26 19  9]
280 [19 19 22 10  9 26]
290 [19 26 10 22  9]
300 [19 26 22 10]
310 [19 26 22]
320 [19 26 21 22]
330 [19 26 22]
340 [19 26  4]
350 [26 19]
360 [19 26 37]
370 [1 1 9]
380 [1]
390 []
400 []
410 [ 1 10]
420 [ 9 10]
430 [10]
440 [10]
450 [19  3]
460 [10]
470 [ 9  3 10]
480 [10  3]
490 [19  3]
500 [19]
510 [19]
520 [19 21]
530 [19 22]
540 [19 22]
550 [19 26]
560 [19 26 22]
570 [19 26 22]
580 [19 21]
590 [19]
600 [19 22 19 21 26 14]
610 [19 22 19 26 21 14]
620 [19 19 22 26 21 14]
630 [19 19 22 26 21 14]
640 [19 19 22 26 21 14]
650 [19 19 22 21 14 26]
660 [19 19 22 21 14 26]
670 [19 19 22 21 14 26]
680 [19 19 22 21 14]
690 [19 19 22 21 14]
700 [19 19 22 21 14]
710 [19 19 22 21 14 19]
720 [19 19 22 21 26 14]
730 [19 21 22]
740 [19]
750 [19]
760 [19]
770 [ 1 19]
780 []
790 [10]
800 [10 19]
810 [10 19]
820 [19]
830 [19 21]
840 [19 21 22]
850 [21 22 19]
860 [22 21]
870 [19]
880 [19 21]
890 []
900 [12]
910 [12]
920 [12]
930 [12]
940 [12]
950 [12]
960 []
970 []
980 []
990 []
1000 []
1010 [15]
1020 [19 15]
1030 [15]
1040 [19]
1050 [19]
1060 [19 15]
1070 [15]
1080 [19 15  1]
1090 [15  1]
1100 [15]
1110 [15]
1120 []
1130 []
1140 [19 22  3]
1150 [19 21]
1160 [19]
1170 [19  9  3]
1180 [19  3]
1190 [19  3]
1200 [19 19 19 22 10]
1210 [19 19]
1220 [19 19 22 19 10]
1230 [19 22 10 19]
1240 [19 19 10 22]
1250 [19 19 10]
1260 [19 10 19 22]
1270 [19 19 22]
1280 [19 19  9 10 22]
1290 [19 22 10 19  9]
1300 [19 22  9 10]
1310 [19  9 22 10]
1320 [19  9 22 10]
1330 [ 9 19 22 10]
1340 [19  9 22 10]
1350 [19  9]
1360 []
1370 [19]
1380 [19 10]
1390 [19  3 10]
1400 []
1410 [19 11]
