0 [19 21 21 21]
1 [19  3]
2 [19 21 21 22]
3 [21 19]
4 [19 21 22 12 21]
5 [19 21]
6 [19 21]
7 [19 22 21]
8 [19 21 22 12]
9 [19 21 22  3 12]
10 [19 21  3 21 22]
11 [19 21 22  3 12  9]
12 [19 21  3 22 21 31]
13 [19 21 22 12  3 21]
14 [19 21  3 17 22]
15 [19 21 22  3 12]
16 [19 21 12 12 22  9]
17 [21 19 12  9 21]
18 [12  9 22 21]
19 [19 21 12 21 22  9]
20 [19 12 12  9]
21 [12 12  9 21]
22 [19 12 21 12 21]
23 [19 12 12]
24 [12 19 21 12 21 22]
25 [12 21 19 12 21  9]
26 [19 12 12 22  9 21]
27 [19 12]
28 [12 19 21 22 21  9]
29 [12  9 21 22 21]
30 [12  9 22 21]
31 [12  9 19]
32 [12 12 21  9]
33 [ 9 12]
34 [ 9 21 12 12]
35 [ 9 12 21]
36 [ 9 12 12 21]
37 [ 9 12 12]
38 [ 9 12 21]
39 [ 9 12]
40 [ 9 12 19 12 21 22]
41 [ 9 12 12]
42 [12 12  9]
43 [12 12  9 19]
44 [12 12  9 21]
45 [12 12  9 19]
46 [12 21 12 21 22]
47 [12  9 12 21]
48 [ 9 12 12]
49 [ 9 12 12]
50 [12 12  9]
51 [12  9 12]
52 [ 9 12 12]
53 [12  9 12]
54 [12 12  9]
55 [ 9 12 12]
56 [ 9 12 12]
57 [ 9 12]
58 [ 9 12 19]
59 [ 9 19 12 12 21]
60 [ 9 12 12]
61 [ 9 12 19 12]
62 [ 9 12 19 12]
63 [ 9 12 19]
64 [ 9 12]
65 [12  9]
66 [ 9 12 12]
67 [ 9 12 12]
68 [ 9 12]
69 [12  9]
70 [12 12 34]
71 [12 12  9]
72 [12 12 19 21 21  9]
73 [12 12  9 21]
74 [12]
75 [12  9 12]
76 [ 9 12 19 12]
77 [ 9 12 12]
78 [12  9 12 19]
79 [12  9]
80 [12  9 12]
81 [12 12  9]
82 [12 12 19]
83 [12 12]
84 [ 9 12 12 34]
85 [12  9]
86 [19 12]
87 [12  9]
88 [12 12]
89 [12 19]
90 [ 9 12 12]
91 [ 9 12 12]
92 [ 9 12 12]
93 [12  9 12  9]
94 [12 19 12]
95 [12  9 12  9]
96 [ 9 12 12  9]
97 [ 9 12 12]
98 [ 9 12 12]
99 [ 9 12 12]
100 [ 9 12]
101 [12  9]
102 [12  9 19]
103 [12  9 22 12]
