0 []
1 []
2 []
3 []
4 [13]
5 [13]
6 [13]
7 [13]
8 [13]
9 [13]
10 [13]
11 [13]
12 [13]
13 [13]
14 [13]
15 [13]
16 [13]
17 [13]
18 [13]
19 [13]
20 [13]
21 [13]
22 [13]
23 [13]
24 [13]
25 [13]
26 [13]
27 [13]
28 [13]
29 [13]
30 [13]
31 [13]
32 [13]
33 [13]
34 [13]
35 [13]
36 [13]
37 [13]
38 [13]
39 [13]
40 [13]
41 [13]
42 [13]
43 [13]
44 [13]
45 [13]
46 [13]
47 [13]
48 [13]
49 []
50 [13]
51 [13]
52 [13]
53 [13]
54 [13]
55 [13]
56 [13]
57 [13]
58 [13]
59 [13]
60 [13 19 19]
61 [13]
62 [13]
63 []
64 []
65 [13]
66 [13]
67 [13]
68 []
69 []
70 []
71 []
72 []
73 []
74 []
75 []
76 []
77 [17]
78 [13]
79 []
80 []
81 [3]
82 [13]
83 [13]
84 [38]
85 [13]
86 [13]
87 [13]
88 [13]
89 [13]
90 [13]
91 [13]
92 [13]
93 [13]
94 [13]
95 [13]
96 [13]
97 [13]
98 [13]
99 [13]
100 [13]
101 [13]
102 [13]
103 [17]
104 []
105 []
106 [16]
107 [17]
108 []
109 [10 12]
110 [10]
111 []
112 [10]
113 [10]
114 []
115 [15]
116 [15  2]
117 [15]
118 [15]
119 []
120 [14]
121 [14]
122 []
123 [3]
124 [3]
125 [14]
126 [14]
127 [14]
128 [14]
129 [14]
130 [14]
131 [19 14]
132 [19 14]
133 [19 14]
134 [19 14]
135 [19 14]
136 [19 14]
137 [19 20 14]
138 [19 14]
139 [19 20 14 19]
140 [19 20 14 21]
141 [19 20 14]
142 [19 14]
143 [19 14]
144 [19 14]
145 [19 14]
146 [19 14]
147 [19 14]
148 [19 14]
149 [19 14]
150 [19 14]
151 [19 14]
152 [19 14]
153 [19]
154 [19 26]
155 [19  3]
156 []
157 []
158 [14]
159 []
160 [1]
161 [3]
162 []
163 []
164 []
165 []
166 []
167 []
168 [3]
169 []
170 []
171 [3]
172 [10]
173 [10]
174 []
175 [3]
176 [10  3]
177 [10  3]
178 [10]
179 [10  3]
180 []
181 [13]
182 [13]
183 []
184 []
185 [3]
186 []
187 []
188 []
189 []
190 []
191 []
192 []
193 []
194 []
195 [13]
196 []
197 []
198 []
