0 []
1 []
2 []
3 []
4 []
5 []
6 []
7 []
8 []
9 []
10 []
11 []
12 []
13 []
14 []
15 []
16 []
17 []
18 []
19 []
20 [3]
21 [3]
22 [3]
23 [3]
24 [19  1]
25 []
26 []
27 [19]
28 []
29 [15 19  1]
30 []
31 [19]
32 [19]
33 [19]
34 [3]
35 [2]
36 [2]
37 [1]
38 []
39 [2]
40 []
41 [1]
42 [1]
43 [2]
44 []
45 []
46 []
47 [15]
48 [15]
49 [15]
50 []
51 []
52 []
53 []
54 []
55 [3]
56 []
57 []
58 []
59 []
60 []
61 []
62 [17 15]
63 []
64 [19]
65 [15 19]
66 [19]
67 []
68 []
69 []
70 []
71 [19]
72 []
73 []
74 []
75 []
76 []
77 []
78 []
79 []
80 []
81 [3]
82 [3]
83 []
84 [19]
85 [19]
86 []
87 []
88 []
89 [19]
90 [19]
91 [19  1]
92 [19]
93 [19  2]
94 []
95 []
96 []
97 []
98 []
99 [17]
100 []
101 []
102 []
103 []
104 [3]
105 [3]
106 [3]
107 [3]
108 []
109 []
110 []
111 []
112 []
113 []
114 []
115 []
116 []
117 []
118 []
119 []
120 []
121 []
122 []
123 []
124 []
125 []
