0 [19]
1 [19]
2 [19  4  3]
3 [19]
4 [19]
5 [19  9]
6 [ 9 19]
7 [19 10]
8 [19  9]
9 [19  4]
10 [ 9 19  4]
11 [ 9 19]
12 [9]
13 [19]
14 [ 9  4 19]
15 [19  4]
16 [19  9 26]
17 [9]
18 [9]
19 [ 9 10]
20 [ 9 19]
21 [ 9 10 19]
22 [ 4  9 19]
23 [ 9 19  4]
24 [ 4  9 19]
25 [ 4 19]
26 [4 9]
27 [ 4 19]
28 [19]
29 [19]
30 [19]
31 [19]
32 [19 26]
33 [ 9 19 26]
34 [9]
35 [9]
36 [ 9 10]
37 [9 4]
38 [9]
39 [ 9 26]
40 [ 4  9 10]
41 [ 9 10]
42 [ 4  9 10]
43 [ 4 10  9]
44 [ 9 10]
45 [ 4 19]
46 [4 9]
47 [9 4]
48 [19  4 10  9]
49 [19  9]
50 [19]
51 [19]
52 [19]
53 [19]
54 [19]
55 [19]
56 [19]
57 [19 26]
58 [19]
59 [19  9]
60 [ 9 10]
61 [19 26]
62 [ 9 19]
63 [ 9 19 26]
64 [ 9 19]
65 [19 26]
66 [ 9 19]
67 [19]
68 [19]
69 [19  9]
70 [19]
71 [19]
72 [9]
73 [19]
74 [ 9 10  9]
75 [19]
