0 [19 19  3 21]
1 [19  4  3]
2 [19 19  4  3 34]
3 [19  4 19  3]
4 [4 3]
5 [ 4  3 21]
6 [19  4  3]
7 [ 4 34]
8 [ 4 12]
9 [ 4 12  3  9]
10 [ 4 12]
11 [ 4 12]
12 [3]
13 [ 4 12]
14 [ 4  3 19 12]
15 [4]
16 [4]
17 [4]
18 [4]
19 [ 4 12]
20 [ 4 12]
21 [ 4 12]
22 [ 4 12]
23 [4 3 9 4]
24 [ 4 34  3]
25 [4 9]
26 []
27 [ 4 12  9]
28 [ 4 19  9 12  9]
29 [ 4  3  9 12]
30 [ 4 21]
31 [ 9 17 12]
32 [21  9 12  9]
33 [21  4  9]
34 [ 4 21  4]
35 [ 4 21  9]
36 [ 4 12  9]
37 [21  4]
38 [4 9]
39 [4]
40 [4]
41 [4]
42 [4 3]
43 [4]
44 []
45 [11]
46 [11]
47 [11  4]
48 [11  4]
49 [11]
50 [ 4 11]
51 [ 4 21]
52 [ 4 11]
53 [ 4 11 22]
54 [ 4 21 22 21]
55 [11]
56 [3]
57 [4]
58 [4 3]
59 [4]
60 [4]
61 [22]
62 [12]
63 []
64 [10]
65 [9 4]
66 [9 4]
67 []
68 [3]
69 [4]
70 [4]
71 [4 9]
72 [ 4 21]
73 [21  4 12  9]
74 [21  4  9 12]
75 [ 4 12]
76 [4]
77 [ 4 12]
78 [12 21 19]
79 [21 12  4]
80 [21 12]
81 [21 12]
82 [19  4 12]
83 [4]
84 [12]
85 [4]
86 [12 19]
87 [21 12 19]
88 [ 4 21 19  4]
89 [21 12  4]
90 []
91 []
92 [9]
93 [17  9  4]
94 [17]
95 [9]
96 [4 9]
97 [17]
98 [4 4]
99 [4 4]
100 [ 4  9 12  3]
101 [ 4  9  9 12]
102 [4]
103 [ 4 17]
104 [4]
105 [4 9]
106 [4 4]
107 [3 9 4]
108 [9]
109 [21  4  9]
110 [21  9  3]
111 [ 3  9 17]
112 [19  3 17  9  4]
113 [19  4  3  4]
114 [21  3  9]
115 [21 19  3]
116 [21  4  3 19]
117 [19 21  3]
118 [21  3 19 34]
119 [ 3 19  9 21]
120 [21  9  3]
121 [21  4  9  3]
122 [9 3]
123 [ 4 17]
124 [4]
125 [4]
126 [ 4 21]
127 [4 9]
128 [24]
129 [4]
130 [ 4 21]
131 [21  4  9]
132 [ 4 21]
133 [ 4 21]
134 [ 4 21 19 21  9]
135 [21  4  9  9]
136 [ 4 21  9]
137 [21  3  9]
138 [21  4  3  9]
139 [21  3  4]
140 [ 4 21  3]
141 [21  4  3]
142 [21  4  3]
143 [ 4 21  3]
144 [ 4 21 21]
145 [ 4 21 21 34 17]
146 [ 4 21 21]
147 [21 21  4]
148 [21  4  9]
149 [ 4 21  3]
150 [ 4 21 34  3 19]
151 [34 21 19  3 34  4]
152 [34 19 21  3 21]
153 [21 21  4  4  2]
154 [ 4 34 21 21  3 19]
155 [21  3 17  4]
156 [21  3  4]
157 [ 4 21  3]
158 [ 4 21 21]
159 [ 4 21 12  3]
160 [ 4  3 12  2]
161 [21 21  3]
162 [19 21 21 17 12]
163 [21  4 21]
164 [21  4]
165 [21  4]
166 [21 19]
167 [4 4]
168 [ 4 21]
169 [4]
170 [4 9]
171 [ 4 12 19]
172 [ 4 12 12]
173 [ 4 12]
174 [12  4]
175 [19  4 12]
176 [ 4 12  9]
177 [19 12 19  4]
178 [12 19]
179 [12 19 19]
180 [12  4  4  9]
181 [12  4]
182 [19 12 19]
183 [ 4 12  9]
184 [ 4 12]
185 [ 4 12  9]
186 [12  4 19]
187 [ 4 12]
188 [12  4]
189 [12 19]
190 [12]
191 [4 4 9]
192 [4 9]
193 [4]
194 [ 4 21]
195 [4 9]
196 [4]
