0 [ 6 19 18 26]
1 [ 6 18 26]
2 [ 6 18 19 26]
3 [ 6 19 18 26]
4 [ 6 19 18 26]
5 [ 6 18 26]
6 [ 6 18 26]
7 [6]
8 [ 6 11]
9 [ 6 11]
10 [6]
11 [6]
12 [ 6 20]
13 [6]
14 [6]
15 [6]
16 [6]
17 [6]
18 [6]
19 [ 6 11]
20 [6]
21 [6]
22 [ 6 11]
23 [11  6 21]
24 [ 6 11]
25 [6]
26 [ 6 11]
27 [6]
28 [ 6 11]
29 [ 6 11]
30 [6]
31 [6]
32 [6]
33 [ 6 11]
34 [6]
35 [ 6 11]
36 [6]
37 [6]
38 [6]
39 [6]
40 [6]
41 [6]
42 [ 6 11]
43 [6]
44 [ 6 11]
45 [ 6 11]
46 [ 6 11]
47 [11  6]
48 [ 6 11]
49 [11  6]
50 [ 6 11]
51 [6]
52 [ 6 11]
53 [ 6 11]
54 [6]
55 []
56 []
57 [6]
58 [6]
59 [17]
60 [26]
61 [17  6]
62 [17  6]
63 [17 17]
64 [6]
65 []
66 []
67 [2]
68 [6]
69 [6]
70 [6]
71 [6]
72 [6]
73 [6 2 7]
74 [6]
75 [6]
76 [6]
77 [3]
78 [21]
79 [3]
80 []
81 []
82 []
83 [3]
84 [3]
85 []
86 []
87 []
88 []
89 []
90 []
91 [12]
92 [12]
93 [3]
94 []
95 []
96 []
97 []
98 [12]
99 [12]
100 []
101 [14]
102 [14]
103 [14]
104 []
105 []
106 []
107 [14]
108 []
109 [1]
110 [2]
111 [6]
112 [2]
113 []
114 []
115 [1]
116 [17]
117 [17]
118 []
119 []
120 []
121 [1]
122 []
123 []
124 []
125 []
126 []
127 []
128 [1]
129 []
130 []
131 []
132 [1 7]
133 [17  1]
134 [1 4]
135 [4]
136 [4 1]
137 [1]
138 [6 4]
139 [4 6]
140 [6]
141 [4]
142 [6]
143 [6]
144 [6]
145 []
146 [6]
147 [14]
148 [ 6 14]
149 [6]
150 []
151 [6]
152 [6]
153 []
154 [6]
155 []
156 [21  3]
157 [ 3 12]
158 [14 12]
159 [ 3 12]
160 [12]
161 [14]
162 [12]
163 [3]
164 [14]
165 [14]
166 [14]
167 [12]
168 [12 14]
169 [12]
170 [14]
171 [14]
172 [12]
173 [14]
174 [12]
175 [12]
176 [14]
177 []
178 []
179 [14]
180 []
181 [6]
182 [14  6]
183 [6]
184 []
185 [6]
186 [6]
187 []
188 [6 4]
189 []
190 []
191 [6]
192 [6]
193 [6 3]
194 [14 12  3]
195 [6 3]
196 [3]
197 [3]
198 [3]
199 [3]
200 [ 3 21]
201 [ 3 21]
202 [3]
203 [3]
204 [3]
205 [3]
206 [3]
207 [3]
208 [21]
209 []
210 []
211 [2]
212 [14 30]
213 [6]
214 [14]
215 [14]
216 [14]
