0 []
1 []
2 []
3 [19]
4 [19]
5 [19]
6 [19]
7 [19]
8 [19]
9 [11]
10 [19]
11 [19]
12 [19]
13 [19 21]
14 [19 21]
15 [19 21]
16 [19 21]
17 [19]
18 [19]
19 [19]
20 [19]
21 [1]
22 []
23 [12]
24 []
25 []
26 [2 3]
27 [3]
28 [2]
29 [3 2]
30 [3 2]
31 [ 3  2 17]
32 [2]
33 [ 3 17]
34 []
35 [2]
36 [2]
37 [2]
38 [2]
39 [ 2 17]
40 [ 2 17  1]
41 [2 3]
42 [2]
43 [2]
44 [2 1]
45 [2]
46 [1]
47 [36  1  1]
48 [36  2  1]
49 [ 2  1 36]
50 [36  1  2]
51 [36  2  2 21  1]
52 [36  1  2 21]
53 [21]
54 [21]
55 [ 2 21]
56 [ 2 21  1]
57 [ 2 21]
58 [ 2 21  2]
59 [ 2 21]
60 [2]
61 [2]
62 [ 2 36  1  2 21  1]
63 [ 2 21]
64 [21]
65 [21  1 36]
66 [36 21]
67 [36 21]
68 [21]
69 [21]
70 [21 19]
71 [ 1 19 21]
72 [19 21]
73 [21]
74 [21]
75 [21]
76 [ 1 21]
77 [ 1 21]
78 [21]
79 [36 19 21  1]
80 [36  1  1 21]
81 [36 21]
82 [21]
83 [21]
84 [36 21 19]
85 [36 19 21]
86 [21]
87 [36 21]
88 [21]
89 [ 1 17 21]
90 []
91 [1]
92 [1]
93 [ 1 19  1]
94 [ 1 21]
95 [21  1]
96 [1 1 1]
97 [1]
98 []
99 [ 2 21]
100 []
101 [2]
102 [2]
103 []
104 [21  2]
105 [2]
106 [ 2 36]
107 []
108 [2]
109 [2]
110 [2]
111 []
112 [ 1 21]
113 [1 2]
114 []
115 []
116 []
117 [21]
118 [21]
119 [21]
120 [21]
121 []
122 [21]
123 [21]
124 [ 1 21]
125 [21]
126 [21]
127 [2 1]
128 [ 1  2 21]
129 [21]
130 [ 2 21]
131 [19 19 21  1 17]
132 []
133 [21]
134 [21]
135 [21]
136 [21]
137 [ 1 21]
138 [ 2 21]
139 [ 2 21]
140 [21]
141 [21]
142 [21]
143 [21]
144 [19 21]
145 [ 1 19 21]
146 [19  1 21]
147 [21]
148 [ 1  2 21]
149 [21]
150 [21  2]
151 [1 2]
152 [ 1  2 21]
153 [ 1 21]
154 [ 1  2 21]
155 [21]
156 [ 2 21]
157 []
158 []
159 []
160 [21 19]
161 [ 2 21]
162 [21  2  1]
163 [ 2 21]
164 [21  1]
165 [ 1 21]
166 [ 1 21]
167 [ 2 21]
168 [19  2 21]
169 [19  2  2  1]
170 [2]
171 [2]
172 [ 2 19  2]
173 [ 2 19]
174 [ 2 19]
175 [19  2  2]
176 [19  2  2]
177 [19  2  2]
178 [2]
179 [ 2 19 21]
180 [ 2 21]
181 [ 2 21]
182 [ 2 19]
183 [ 2 21]
184 [2]
185 [2]
186 [2]
187 [ 2 21]
188 [ 2 21]
189 [2]
190 [ 2 21]
191 [2]
192 [ 2 21]
193 [2]
194 [2]
195 [ 2 21]
196 [2]
197 [2]
198 [ 2 21]
199 [ 2 21  2]
200 [21  2]
201 [ 2  2 21]
202 [37  2 21]
203 [ 2 21]
204 [2]
205 [2 2]
206 [ 2  1 21]
207 [37 21]
208 [37  2]
209 [37  2 21  2]
210 [37 21  2]
211 [37  2 21  2]
212 [37  2 21]
213 [37 21  2]
214 [21 37]
215 [37  2 21]
216 [ 2 21]
217 [ 1 37 21]
218 [ 1 21]
219 [ 1  1 21]
220 [ 1 21]
221 [ 1 21]
222 [ 1 21 37 18]
223 [21  1 18]
224 [21  1 18]
225 [21  1]
226 [21 17]
227 [21 17]
228 [ 3 21]
229 [21]
230 [17 21]
231 [21]
232 [ 1 17 21]
233 [ 2 21]
234 []
235 []
236 []
237 []
238 []
239 []
240 [11]
241 [3]
242 [3]
243 []
244 []
245 []
