0 []
1 []
2 []
3 []
4 []
5 []
6 []
7 []
8 []
9 []
10 [15]
11 [15]
12 [15]
13 [19 19 11  6]
14 [19 19 11  6]
15 []
16 [21]
17 [21]
18 [11]
19 [11]
20 []
21 [19]
22 []
23 [21]
24 []
25 []
26 []
27 [21 19 21]
28 [21 22]
29 [21 22 21]
30 []
31 [19]
32 [21]
33 []
34 []
35 [21 21]
36 [21 19 21]
37 [21 19]
38 [6]
39 [ 6 11]
40 [6]
41 [6]
42 [19]
43 [19 19]
44 [19]
45 [26 19 19]
46 [19 19 26 21]
47 [19 26]
48 []
49 [4]
50 [19  4]
51 [19]
52 [19]
53 [19]
54 [19 18]
55 [19 18]
56 [2]
57 [3]
58 [3]
59 []
60 []
61 [3]
62 [3]
63 [3]
64 [19 19]
65 [19 19]
66 []
67 []
68 []
69 []
70 []
71 [1]
72 []
73 [1]
74 []
75 []
76 []
77 []
78 []
79 []
80 []
81 []
82 [1]
83 [1]
84 []
85 [1]
86 [1]
87 []
88 []
89 []
90 []
91 []
92 []
93 []
94 []
95 [3]
96 []
97 []
98 [19]
99 [19]
100 [19]
101 [19]
102 [19]
103 [21 38]
104 [2]
105 []
106 [3]
107 [3]
108 [3]
109 [19]
110 [19]
111 []
112 [19]
113 [19]
114 [19]
115 []
116 []
117 []
118 [3]
119 []
120 []
121 []
122 []
123 [19]
124 [19]
125 [19]
126 [19]
127 [19]
128 [19]
129 [19]
130 [19]
131 [19]
132 [19]
133 [19]
134 []
135 []
136 [ 3 19]
137 [ 3 19]
138 [ 3 19]
139 [ 3 19]
140 [19  3]
141 [19  3]
142 [19]
143 [19]
144 [19]
145 [19]
146 [19]
147 [19 21]
148 []
149 []
150 []
151 [19]
152 []
153 []
154 []
155 []
156 []
157 []
158 [19 37 37]
159 [19 37 37 23]
160 [19]
161 [19]
162 [3]
163 [2]
164 [15]
165 []
166 []
167 [15]
168 [15]
169 [19]
170 [19]
171 [19]
172 [19]
173 [19]
174 [19]
175 [19]
176 [19]
177 [19]
178 [3]
179 [3]
180 [3]
181 [3]
182 [12]
183 [12]
184 [12]
185 [3]
186 [19 17]
187 [19]
188 [19]
189 [3]
190 [15]
191 [2]
192 [19]
193 [19]
194 []
195 []
196 []
197 []
198 []
199 []
200 []
201 []
202 []
203 []
204 []
205 []
206 []
207 []
208 []
209 []
210 []
211 []
212 [19 21 22 21]
213 [19 21 21 22]
214 [19 21 21 22]
215 [19 22 21 21 11]
216 [19 21 22 21 11]
217 [19 21 21 21]
218 [19 21 22]
219 []
220 []
221 []
222 []
223 [1]
224 [1]
225 []
226 []
227 [19]
228 []
229 []
230 [3]
231 []
232 []
233 []
234 []
235 []
236 [11]
237 []
238 []
239 []
240 []
241 [11]
242 [11]
243 [11]
244 [11]
245 [11]
246 []
247 [11]
248 []
249 []
250 []
251 []
252 [11]
253 []
254 [15]
255 [15]
256 [13]
257 [13]
258 [13]
