0 []
1 [19]
2 [19]
3 []
4 []
5 []
6 [12]
7 []
8 [12 19 12]
9 [ 9 12]
10 [ 9 12 12]
11 [12 12 19]
12 [ 9 12]
13 [12  9 19]
14 [ 9 12]
15 [19]
16 [19]
17 [19]
18 [19]
19 [19]
20 [19]
21 [19]
22 [12 19]
23 [12 19]
24 [12 12]
25 [12  9]
26 [ 9 12]
27 [12  9 12]
28 [12 12]
29 [12 12]
30 [ 9 12 12]
31 [12  9 12]
32 [15]
33 [15]
34 [15]
35 [ 9 19 17  9]
36 [19 13]
37 [ 9 19]
38 [9]
39 [19 12]
40 [19 12  9 28]
41 [ 9 12  4]
42 [ 9  3 12]
43 [19 12  9]
44 [12 17]
45 []
46 []
47 [9]
48 [19  9]
49 [9]
50 [ 9 17]
51 [12  9]
52 [9]
53 []
54 []
55 [17]
56 [17]
57 [17]
58 [17  9]
59 [ 9 17]
60 [17  9]
61 [17  9]
62 []
63 [19]
64 [1]
65 [15]
66 [19 15]
67 [19]
68 [19]
69 [19]
70 []
71 [19]
72 [19]
73 [19]
74 [19]
75 [19]
76 [19]
77 [19]
78 []
79 [19]
80 [19]
81 []
82 []
83 []
84 [15]
85 [15]
86 [15]
87 [15]
88 [15]
89 [15]
90 [15]
91 [15]
92 []
93 [19]
94 [19  2]
95 [ 2 19]
96 [15]
97 [19 17 15]
98 [19]
99 [9]
100 [9]
101 []
102 []
103 [17]
104 []
105 []
106 [17]
107 [17]
108 []
109 []
110 []
111 []
112 []
113 []
114 [15]
115 [15]
116 [ 9 12  9  4]
117 [ 9 12]
118 [9]
119 [9]
120 [9]
121 [9]
122 [ 9 12  4]
123 [9]
124 [ 9 12]
125 [ 9  4 12]
126 [ 9 12]
127 [19  9 12]
128 [19 12]
129 [ 9 12]
130 [ 9 12]
131 [ 9 12]
132 [ 9 12]
133 [ 9 12]
134 [ 9 12]
135 [ 9 12]
136 [ 9 12]
137 [ 9 12]
138 [19 19  9]
139 [19 19]
140 [19  9 19]
141 [19 19  9]
142 [ 9 19 19]
143 [19  9]
144 [19 19]
145 [4 9]
146 [19  4 17]
147 [19 17]
148 [12]
149 [12]
150 [19 12]
151 [12 19]
152 [12]
153 [9 6 7]
154 [9 7 6]
155 [9 6 7]
156 [ 9 12  6  4]
157 [ 9 12]
158 [ 9 12]
159 [ 9 12]
160 [ 9 12]
161 [ 9 12]
162 [ 9 12]
163 [ 9 12]
164 [ 9 12]
165 [ 9 12]
166 [ 9 12]
167 [ 9 12]
168 [ 9 12  9]
169 [ 9 12  9]
170 [ 9 12  9]
171 [ 9 12]
172 [ 9 12]
173 [ 9 12]
174 [12  9 15  1 15]
175 [ 9 12]
176 [ 9 12 19]
177 [ 9 12]
178 [ 9  9 12]
179 [ 9 12]
180 [ 9 12]
181 [ 9 12]
182 [ 9 12]
183 [ 9 12]
184 [ 9 12]
185 [ 9 12]
186 [ 9 12]
187 [ 9 12]
188 [ 9 12]
189 [ 9 12]
190 [ 9 12]
191 [ 9 12]
192 [9]
193 [ 9 12]
194 [9]
195 [19 17]
196 []
197 []
