0 [ 9 12]
1 [19 12]
2 [12 19]
3 [12  9 19]
4 [12 19]
5 [12  9 19]
6 [12]
7 [12 19]
8 [12 19  4]
9 [12  9 19  9]
10 [19 19 12]
11 [19  9 12]
12 [19 12]
13 [19 12  9]
14 [19 12 34  9]
15 [12 19  9  9]
16 [19 12]
17 [19 12  9]
18 [12 19]
19 [12  9 19]
20 [12 34 19 19]
21 [12  9]
22 [12]
23 [12]
24 [12  9]
25 [ 9 12]
26 [ 9 12]
27 [ 9 12]
28 [12  9]
29 [21 19 17 12]
30 [34 12 19]
31 [19 19 34 12 17 21  9]
32 [19 19 12 21]
33 [19 19 21 21 12  9]
34 [19 12  9]
35 [21 19  9 12 19]
36 [21 19 21 12  9 19  9]
37 [19]
38 []
39 []
40 []
41 [19]
42 [19]
43 [19]
44 [17]
45 [12]
46 [12]
47 [12]
48 [12 12]
49 [12]
50 [12 17]
51 [ 9 12 17]
52 [ 9 12 12]
53 [12 17]
54 []
55 []
