0 []
1 [37]
2 []
3 []
4 []
5 []
6 []
7 []
8 []
9 [7]
10 [11  1]
11 []
12 []
13 []
14 []
15 []
16 []
17 [19]
18 []
19 []
20 []
21 [19]
22 []
23 [19]
24 []
25 []
26 []
27 []
28 []
29 []
30 []
31 [12]
32 []
33 []
34 []
35 []
36 []
37 []
38 []
39 []
40 []
41 []
42 []
43 []
44 []
45 []
46 []
47 []
48 []
49 [6]
50 []
51 []
52 []
53 []
54 []
55 []
56 []
57 []
58 []
59 [3]
60 [3]
61 [3]
62 [3]
63 [3]
64 [3]
65 []
66 []
67 [17]
68 [17]
69 [17]
70 [17]
71 []
72 [17]
73 [17]
74 [17  1]
75 []
76 []
77 []
78 []
79 []
80 []
81 []
82 []
83 []
84 [17]
85 [17]
86 [ 1 17]
87 [17]
88 [17]
89 [17]
90 [17]
91 [17]
92 [17]
93 [17]
94 []
95 [17]
96 []
97 [17]
98 []
99 [17]
100 []
101 [17]
102 []
103 []
104 []
105 []
106 []
107 []
108 []
109 []
110 []
111 [12]
112 []
113 []
114 []
115 []
116 []
117 []
118 []
119 []
120 []
121 []
122 []
123 []
124 []
125 [16]
126 []
127 []
128 []
129 []
130 [19]
131 []
132 []
133 []
134 []
135 []
136 []
137 []
138 []
139 [3]
140 []
141 []
142 []
143 [19]
144 []
145 [19]
146 []
147 []
148 []
149 []
150 [3]
151 [3]
152 [3]
153 [3]
154 [17]
155 []
156 []
