0 [12]
1 [6]
2 [11 19  6 12]
3 [ 6 11]
4 [11  6]
5 [11  6]
6 [11]
7 [11]
8 [11]
9 [11  6]
10 [11  6]
11 [11]
12 [11]
13 [12]
14 [12 11]
15 [12]
16 [12  3]
17 [12  3]
18 [12  3]
19 [12]
20 [12]
21 [12]
22 [12 11  6]
23 [11]
24 [11]
25 [11  6]
26 [11  6]
27 [11]
28 [11]
29 [11  6]
30 [11  6]
31 [11  6]
32 [11  6 12]
33 [12  6 11]
34 [12 11  6]
35 [12]
36 []
37 [12]
38 [12]
39 [12]
40 [12]
41 [12]
42 [21 12]
43 [12]
44 [12  6]
45 [21 12]
46 [ 6 11]
47 [11]
48 [11  6]
49 [11  6]
50 [11  6]
51 [11  6]
52 [11]
53 [11  6]
54 [6]
55 [11 12]
56 [19 12]
57 [12]
58 [12]
59 [12  6]
60 [11 12]
61 [ 6 11 12]
62 [ 6 11]
63 [11  6]
64 [11  6]
65 [11  6]
66 [ 6 11]
67 [ 6 19 11 12]
68 [ 6 12  3]
69 [3]
70 [19 12]
71 [12]
72 [12]
73 [12]
74 [19 12]
75 [12]
76 [12]
77 [12]
78 []
79 []
80 [11]
81 [11]
82 [11  6]
83 [11  6]
84 [11  6]
85 [ 6 11]
86 [11  6]
87 [11  6]
88 [11]
89 [11]
90 [11]
91 [11  6]
92 [19 11  6  3]
93 [3]
94 [3]
95 [3]
96 [3]
97 [3]
98 [19  3 12]
99 [19 12  6  3]
100 [12]
101 [12  3]
102 [12]
103 [6 3]
104 []
105 [12]
106 [12]
107 [ 6 12]
108 [19 11  6]
109 [ 6 11 12]
110 [ 6 12]
111 [11  6 12]
112 [ 6 12]
113 [12]
114 [12]
115 [12]
116 [19 12]
117 [12  6 11]
118 [12  6]
119 [19  6 11]
120 [ 6 11 12]
121 [11  6]
122 [11  6]
123 [12]
124 [12]
125 [12]
126 [19 12  6]
127 [ 6 12]
128 [6 3]
129 [12]
130 [12  6]
131 [ 6 19]
132 [11  6 12]
133 [ 6 11]
134 [11  6]
135 [11  6]
136 [11  6]
137 [11  6 12]
138 [11 12  6]
139 [12  6 11]
140 [12]
141 [12]
142 [12]
143 [ 6 12]
144 [12]
145 [12]
146 [ 6 11 12]
147 [ 6 11 12]
148 [11  6]
149 [11  6]
150 [11  6 12]
151 [ 6 12]
152 [12]
153 [12  3]
154 [ 3 12]
155 [19  6 12]
156 [ 6 12  3]
157 [3]
158 [12]
159 [12]
160 [11  6 19 12]
161 [ 6 11]
162 [11  6]
163 [11  6]
164 [11  6]
165 [11]
166 [11  6]
167 [11]
168 [12 11  6]
169 [12  6 11]
170 [12]
171 [12]
172 [12]
173 [12]
174 [12 11  6]
175 [ 6 11 12]
176 [ 6 11]
177 [11]
178 [11  6]
179 [ 6 11]
180 [11 12  6]
181 [ 6 11  3]
182 [ 3 14]
183 [3]
184 [12]
185 [3]
186 [3]
187 [3]
188 [6 3]
189 [6 3]
190 [ 6 11 12]
191 [ 6 11]
192 [ 6 11]
193 [ 6 11]
194 [ 6 11]
195 [11  6]
196 [11  6]
197 [11 19  6]
198 [11  6]
199 [ 6 11]
200 [ 6 12 11]
201 [ 6 11]
202 [11  6]
203 [11 12  6]
204 [19 12]
205 [12]
206 [12 19]
207 [12]
208 [12  6]
209 [12]
210 []
211 []
212 []
213 [11 12  6]
214 [ 6 11]
215 [11  6]
