0 []
1 []
2 []
3 [10]
4 [9]
5 []
6 [12]
7 [9]
8 [12]
9 [9]
10 [9]
11 [9]
12 []
13 [9]
14 []
15 [9]
16 [9]
17 []
18 [12]
19 []
20 []
21 [19]
22 [12]
23 [12]
24 [19 12]
25 [19 12]
26 [19 12]
27 [12]
28 [12 19]
29 [12  9]
30 [12  9]
31 [12]
32 [12]
33 [12 19]
34 [12 19]
35 [12]
36 [12]
37 [12 19]
38 [12]
39 [12]
40 [12]
41 [12]
42 [35]
43 [27]
44 []
45 [1]
46 []
47 []
48 []
49 [12]
50 [ 9 12]
51 [12 12]
52 [12]
53 [12]
54 []
55 [12]
56 [12 12]
57 [12]
58 [12]
59 [12  9 12]
60 [12 12]
61 [12 12]
62 [12]
63 [12]
64 [12 12]
65 [12 12]
66 [12 12]
67 [12 12]
68 [12 12]
69 [12 12]
70 [12]
71 [12 12]
72 [12 12]
73 [12 12]
74 [12 12]
75 [12 12]
76 [12 12]
77 [12 12]
78 [12 12]
79 [12 12]
80 [12 12]
81 [12 12]
82 [12 12]
83 [12]
84 [12 12]
85 [12 12]
86 [12 12]
87 [12 12]
88 [12]
89 [ 9 12]
90 [ 9 12]
91 [ 9 12]
92 [ 9 12]
93 [ 9 12]
94 [17]
95 []
96 []
97 [ 9 12]
98 []
99 [12]
100 [12]
101 [12]
102 [12 12]
103 [12 12]
104 [12 12]
105 [12 12]
106 [12 12]
107 [ 9 12 12]
108 [12  9 12]
109 [12 12]
110 [12 12]
111 [12 12]
112 [12 12]
113 [12 12]
114 [12 12]
115 [12 12]
116 [12 12 12]
117 [12 12]
118 [12 12]
119 [12 12]
120 [12 12]
121 [12 12]
122 [12 12]
123 [12 12]
124 [12 12]
125 [12 12]
126 [12]
127 [12]
128 []
129 []
130 [9]
131 []
132 []
133 []
134 []
135 []
136 []
137 []
138 [9]
139 []
140 [12  9]
141 []
142 []
143 [9]
144 [12]
145 [19]
146 [12]
147 [12]
148 [12]
149 []
150 [12]
151 [19 12]
152 [12 19]
153 [19 12]
154 [19 12]
155 [19 12]
156 [12  9]
157 [12]
158 [19  9 12]
159 [12]
160 []
161 []
162 []
