0 []
1 []
2 []
3 []
4 []
5 []
6 []
7 []
8 []
9 []
10 []
11 []
12 []
13 []
14 []
15 []
16 []
17 []
18 []
19 []
20 []
21 []
22 []
23 []
24 []
25 []
26 []
27 []
28 []
29 []
30 []
31 []
32 []
33 []
34 []
35 []
36 []
37 []
38 []
39 []
40 []
41 [ 1 17]
42 [ 1 17 19]
43 [ 1 19 17]
44 [ 1 19 19 17]
45 [19]
46 [19]
47 []
48 [15  1]
49 [15]
50 [15]
51 [15  1 17]
52 []
53 []
54 []
55 []
56 []
57 []
58 [19 19]
59 [19]
60 [19]
61 []
62 []
63 [19]
64 []
65 []
66 []
67 []
68 [1]
69 [1]
70 []
71 []
72 []
73 []
74 []
75 [36]
76 []
77 []
78 []
79 []
80 []
81 []
82 []
83 []
84 [16]
85 [16]
86 []
87 [16]
88 [16]
89 [16]
90 []
91 []
92 []
93 []
94 []
95 []
96 []
97 []
98 [12  3]
99 [ 3 12]
100 [3]
101 [3]
102 [3]
103 [19]
104 []
105 [19]
106 []
107 [3]
108 []
109 [15]
110 [3]
111 [3]
112 [3]
113 []
114 []
115 []
116 []
117 []
118 [17]
119 []
120 []
121 [1]
122 [3]
123 []
124 []
125 []
126 []
127 []
128 []
129 []
130 []
131 []
132 []
133 []
134 [15]
135 [ 1 19 15]
136 []
137 []
138 []
139 []
140 []
141 [3]
142 [17]
143 [15 17]
144 []
145 []
146 []
147 [1]
148 []
149 [2]
150 []
151 []
152 []
153 [1]
154 []
155 [15]
156 [1]
157 []
158 [1]
159 []
160 []
161 []
162 []
163 []
164 []
165 []
166 []
167 []
168 []
169 []
170 []
171 []
172 []
173 []
174 []
175 []
176 []
177 [1]
178 []
179 []
180 [17  1]
181 [17 15]
182 []
183 []
184 []
185 []
186 []
187 []
188 []
189 []
190 []
191 []
192 []
193 [17]
194 []
195 [19  3]
196 []
197 [19]
198 []
199 []
200 [3]
201 []
202 []
203 [19]
204 []
205 []
206 []
207 [3]
208 [3]
209 []
210 []
211 []
212 []
213 [3]
214 [3]
215 []
216 [ 3 38]
217 []
218 []
219 [38]
220 [3]
221 [3]
222 [3]
223 []
224 [3]
225 [3]
226 [3]
227 [3]
228 [3]
229 [3]
230 []
231 []
232 []
233 [19  3]
234 [19]
235 [19]
236 []
237 [19]
238 [19]
239 []
240 []
241 []
242 []
243 []
244 []
245 []
246 []
247 []
248 []
249 []
250 []
251 []
252 []
253 []
254 []
255 []
256 []
257 []
258 []
259 []
260 []
261 []
