0 []
1 [11]
2 [11]
3 [11]
4 [11]
5 []
6 []
7 [11]
8 []
9 []
10 []
11 []
12 []
13 []
14 []
15 [21]
16 []
17 []
18 []
19 []
20 []
21 []
22 []
23 []
24 []
25 []
26 []
27 []
28 []
29 []
30 []
31 []
32 []
33 []
34 []
35 []
36 []
37 []
38 []
39 [3]
40 [3]
41 [3]
42 [3]
43 [3]
44 [3]
45 [3]
46 []
47 [11]
48 [11]
49 [11]
50 [11]
51 [11]
52 [11]
53 [11]
54 [11]
55 []
56 []
57 []
58 []
59 []
60 []
61 []
62 []
63 []
64 []
65 []
66 []
67 [3]
68 []
69 [3]
70 [12]
71 [12]
72 [12]
73 []
74 [11]
75 [11]
76 [11]
77 []
78 [17]
79 []
80 []
81 []
82 [3]
83 [3]
84 [ 3 12]
85 [12 11]
86 []
87 []
88 [11]
89 [11]
90 [11]
91 [11]
92 []
93 []
94 []
95 []
96 []
97 []
98 []
99 []
100 []
101 [11]
102 [11]
103 [11]
104 []
105 [11]
106 [11]
107 [11]
108 [11]
109 [6]
110 []
111 [9]
112 []
113 []
114 []
115 []
116 []
117 []
118 []
119 [3]
120 [ 3 12]
121 [ 3 12]
122 [12]
123 [12]
124 [12]
125 [12]
126 [12]
127 [12]
128 []
129 [12]
130 [12]
131 [12]
132 [12]
133 [12]
134 [12]
135 [11 12]
136 [11]
137 [11]
138 [11]
139 [11]
140 [11]
141 [12]
142 [11]
143 [12]
144 [12]
145 [12]
146 []
147 [12]
148 [12]
149 []
150 []
151 []
