0 [19 19  6  6  9]
1 [19 19  6  6]
2 [19 19  6  9  6]
3 [19 19  6  6]
4 [19 19  6  6]
5 [19 19  6  6]
6 [19  6 19  6]
7 [19 19  6  6 14]
8 [19 19  6  6 28]
9 [19 28]
10 [19 19  6 28]
11 [ 6 19 19]
12 [19 19  6]
13 [19 19  6]
14 [19 19  6]
15 [19 19  6]
16 [19  6  6 19 14]
17 [19 19  6 14]
18 [19 19  6 14]
19 [19  6 19 14]
20 [19 19  6 14  6]
21 [19 19  6  6 14]
22 [19 19 14  6]
23 [19 19  6 14 13]
24 [19 19  6 14]
25 [19 19  6 14]
26 [19 19  6 14]
27 [19  6 19 14]
28 [19 19  6 14 13]
29 [19 19  6 14 13]
30 [19 19 14 13  6]
31 [19 19 14 13]
32 [19 19 14 13]
33 [19 14]
34 [19 14 13  6  4]
35 [19 19 28 14  6 13]
36 [28 19]
37 [19 19 28  6]
38 [19 19  6 14  9]
39 [19  6 19 14]
40 [19  6 14 19]
41 [19 14  6 19 13]
42 [19 14  9 13]
43 [19 14 19]
44 [19 14]
45 [19 14 19 13  6]
46 [19 14 28 19 13]
47 [19 14 19]
48 [19 14 19 26 13]
49 [19 14 19]
50 [19 19 14 13]
51 [19 14  6 19]
52 [14 19]
