0 []
1 []
2 []
3 []
4 []
5 []
6 [19]
7 [19]
8 []
9 []
10 [16]
11 []
12 [19]
13 [19]
14 [19]
15 [4]
16 [19]
17 []
18 [19]
19 [19]
20 []
21 []
22 [19]
23 []
24 []
25 [12 10]
26 []
27 [19]
28 [ 9 17]
29 []
30 []
31 []
32 [ 9 19]
33 []
34 [19]
35 [19]
36 [19]
37 [19]
38 [19]
39 []
40 []
41 [19]
42 []
43 []
44 [19]
45 []
46 []
47 [14]
48 [19]
49 []
50 [19]
51 [19 14]
52 []
53 [19 14]
54 [14]
55 [14 19]
56 [19 14]
57 [19 14]
58 [14]
59 [19 14]
60 [19 14]
61 [19 14]
62 [19 14]
63 [19 14  9]
64 [19 14]
65 [14 19]
66 [14]
67 [14]
68 [14 19]
69 [14]
70 [14 19]
71 [19 14]
72 [14 19]
73 [14 19]
74 [19 14]
75 [19 14]
76 [19 14]
77 [14]
78 [19 14]
79 [14 19]
80 [14]
81 [19 14]
82 [19 14]
83 [19 14]
84 [14]
85 [14]
86 [14 19]
87 [14 19]
88 [19]
89 []
90 [19]
91 [19 14]
92 [19 14]
93 [19 14]
94 [19]
95 [19  4  9]
96 [19 14]
97 [19 14]
98 []
99 [19  9 19]
100 [19  4 12]
101 [19 14 19]
102 [19 14]
103 [ 4 19]
104 [19 19 14]
105 [14  4]
106 [19 14]
107 [4]
108 [19]
109 [14]
110 [14]
111 [14]
112 []
113 [19 14]
114 [19 14]
115 [14]
116 [19 14 19]
117 [19]
118 [21 19]
119 [19 21 22 25  4]
120 [19 21]
121 [21 19]
122 []
123 [19 21]
124 []
125 [19 22 21  4]
126 [21 25]
127 [25]
128 [19 21 21]
129 [9]
130 [9 4 6 7]
131 [9 4]
132 [9]
133 [21 10]
134 [21  9 16]
135 [ 9 21 16]
136 [ 9 21]
137 [21  9]
138 [21 16  9]
139 [21  9]
140 [21]
141 [21  9 10]
142 [21]
143 [9]
144 [ 9 21]
145 [21  9]
146 [21 19]
147 [21]
148 []
149 [14]
150 []
151 []
152 []
153 []
154 []
155 []
156 []
157 []
158 []
159 []
160 []
161 []
162 []
163 []
164 []
165 []
166 []
167 []
168 []
169 []
170 []
171 []
