0 [ 3 12]
1 [ 3 17]
2 [1]
3 []
4 [12]
5 [12]
6 [12]
7 [12]
8 []
9 [12]
10 [15]
11 [12]
12 [12]
13 [12]
14 [12]
15 []
16 [12]
17 [12]
18 [12]
19 [12]
20 [12]
21 [12]
22 []
23 [12]
24 [12]
25 []
26 []
27 []
28 [9]
29 []
30 []
31 []
32 []
33 [7 4]
34 []
35 []
36 [7]
37 [1 9]
38 [ 9 12]
39 [19  9]
40 []
41 []
42 []
43 [9 1]
44 [1]
45 [19  1]
46 [1]
47 []
48 []
49 []
50 [12  1]
51 [12]
52 [12]
53 []
54 []
55 []
56 []
57 [12]
58 [12]
59 []
60 []
61 [9]
62 [9]
63 []
64 []
65 []
66 []
67 []
68 []
69 []
70 [9]
71 []
72 [19]
73 [19]
74 []
75 [12]
76 []
77 []
78 []
79 []
80 []
81 []
82 []
