0 []
1 []
2 []
3 [19  3]
4 [19  3]
5 [19]
6 [19]
7 [19]
8 [19]
9 [37 19]
10 [19]
11 [37 19]
12 [19 37]
13 [37 19]
14 [37]
15 [17]
16 [17]
17 [17]
18 [19]
19 [ 1 19]
20 [19  1]
21 [19 17]
22 [19 17]
23 [19 17]
24 [17]
25 [19 37 17]
26 []
27 [19]
28 [19]
29 [19]
30 [19]
31 [19]
32 [19]
33 []
34 []
35 [19]
36 [19]
37 [13]
38 [13 19]
39 [15]
40 []
41 []
42 []
43 []
44 []
45 []
46 []
47 [19 13]
48 [19 13]
49 []
50 []
51 []
52 []
53 []
54 []
55 []
56 []
57 [3]
58 []
59 []
60 [15]
61 [15  9]
62 []
63 []
64 [1]
65 []
66 [38 38 38]
67 [38 38 38]
68 []
69 []
70 []
71 []
