0 []
1 []
2 []
3 []
4 []
5 []
6 [19]
7 [19]
8 [19]
9 [19]
10 [19]
11 [19]
12 [19]
13 [19]
14 [19]
15 [19]
16 [19]
17 [19]
18 [19]
19 [19]
20 [19]
21 [19]
22 [19]
23 [19]
24 [19]
25 [19]
26 [21 19]
27 [21 21 19  9 17]
28 [19 21 19]
29 [21 21  9]
30 [21 21 19 21]
31 [21 21 19]
32 [21 21 19]
33 [21 21 19]
34 [21 21 19]
35 [21 21 19]
36 [21  4]
37 [21 19]
38 [21 21 19  1]
39 [21 19]
40 [19 19 19 19 19]
41 [19 19]
42 [21 19  9]
43 [21]
44 [19 19]
45 []
46 [21 19]
47 [19]
48 [19 19 19 19 19 19 19 19]
49 [19]
50 [19]
51 [9]
52 [19 21]
53 [21]
54 [19]
55 [19 21  9]
56 [19  9 21 28 19 19]
57 [9]
58 []
59 [21 19]
60 [21 19]
61 [21 19]
62 [21 19]
63 [21 19]
64 []
65 [9]
66 [19  4]
67 [4 7]
68 [19 15]
69 [19]
70 [19]
71 [9 4]
72 []
73 [19 21]
74 [19 21]
75 [19]
76 [9]
77 [3]
78 [19]
79 [19]
80 [19]
81 [19]
82 [ 9 10]
83 [21 21]
84 [19 21 21]
85 [21 19 19 21]
86 [19 21 21 21]
87 [19 21 21]
88 [19]
89 [19  5]
90 [19]
91 []
92 [19]
93 [19]
94 [19 19 19 19  9  9 21]
95 [19 19 19]
96 [9]
97 [9]
98 [21  9  7 16]
99 [21  9]
100 [21  9]
101 []
102 [12 12]
103 [21]
104 []
105 [21]
106 [3]
107 []
108 [19 19 19 19 19]
109 [19 19 19 19 19 19 19]
110 [19 19 19 19 19 19 19 19]
111 [19]
112 [19]
113 []
114 []
115 []
116 []
117 []
118 []
119 []
120 []
121 [1]
122 []
123 []
124 []
125 []
126 []
127 []
128 []
129 [19]
130 []
131 []
132 [19]
133 []
134 []
135 []
136 []
137 []
138 [19]
139 [19]
140 []
141 []
142 []
143 [19]
144 []
145 []
146 []
147 []
148 []
149 []
150 []
151 []
152 []
