0 [19  9 19 19 19]
1 [19 19  9 19  9]
2 [19 19 19 19  9 32]
3 [19 19 19 19  9  9]
4 [19 19 19 19]
5 [19 19 19  9  4 32]
6 [19 19  9 19 19 19]
7 [19 19 19  9  9 19 19]
8 [19 19 19  9  4  9]
9 [19 19 19 19 19]
10 [19 19 19  9  4 29]
11 [19 19  4 21  9  9 19]
12 [19 19 19  9 19 19]
13 [19  9 19 19  9]
14 [19 19 19 19  9]
15 [19 19  9  9  4]
16 [19 19  9 21  9 19]
17 [ 9 19 19  9 19]
18 [19 19 19  9  9]
19 [19 19  9 19  9  9 19]
20 [19 19 19 19 19  9]
21 [19 19 19  9 19]
22 [19 19 19  9 19 29 38]
23 [19 19 19 38]
24 [3]
25 [19 19 22  3 19]
26 [3]
27 [19]
28 [19 19]
29 [19 19]
30 [19 22]
31 [19]
32 []
33 [19  3]
34 [19  3 22]
35 []
36 [19 19 19  9 38]
37 [19 19  9  4 19  9 16]
38 [19 19 21 19  9 19  9]
39 [19 19 19]
40 [19 19 19 19  9 21]
41 [19 19 19  9 21 31  9 16]
42 [19 19 19 19 21  9 31  9]
43 [19  9 19 21 19  9  9]
44 [19]
45 [19 21]
46 [ 9 19]
47 [19  9]
48 [13]
49 [13]
50 [19 13]
51 [19 19 13 19]
52 [19 19 13]
53 [19 19 13]
54 [19 13 19  2]
55 [ 9 19 13]
56 [19  9 13]
57 [19  9 19]
58 [19 19  9 19]
59 [19 19 19 19]
60 [19 19  9]
61 [19 19]
62 [19 19  9]
63 [19 19 19]
64 [19 13]
65 [13]
66 [13]
67 [13 19]
68 [13  9]
69 [13]
70 [13 19]
71 [19 13]
72 [13]
73 [19 19]
74 [19  9 19]
75 [19  9 12]
76 [19  9 12]
77 [ 4 19]
78 [9]
79 [19 19 38]
80 [19 19 38 16]
81 [19  9  4 38]
82 [19 19 38]
83 [ 9  4 19 38]
84 [9]
85 [19  4 19]
86 [9]
87 [19  4  9]
88 [19  4 17 19]
89 [9 1]
90 [19]
91 [13]
92 [13]
93 [21 19 13]
94 [19 19 19 19]
95 [19 19 19 19  9]
96 [19 19 19]
97 [19 19 19 19  9]
98 [19 19 19 19  9]
99 [19 19 19 19]
100 [19 19 19 19 34]
101 [19 19 19 19 21]
102 [19 19 19 19  9 22]
103 [19 19 19 19 21]
104 [19 19 19  9]
105 [19 19 21]
106 [19 19 19 21  9  9]
107 [19 19 19 19 21 21 21 34 22]
108 [19 19 19 19 21  9 22]
109 [19 19 19 19 19 21  9]
110 [19 19 19 21 21]
111 [19 19 21  9 21]
112 [19 19  9 21  9  4]
113 [21]
114 [21]
115 []
116 []
117 [19 19]
118 [19 19 19 21]
119 [19 19 19 11]
120 [19 11 19 21]
121 [19 19 19 19 11  1 21]
122 [19 19 19 11 21]
123 [19 19 19 11 21]
124 [19 19 11 19 21]
125 [19 19 19 21]
126 [19 19]
