0 []
1 []
2 []
3 []
4 []
5 []
6 []
7 [3]
8 [3 6]
9 [3 6]
10 [3 6]
11 [3 6]
12 [ 3 19  6]
13 [3 6]
14 [ 3 19  6]
15 [ 3 19  6]
16 [ 3  6 19]
17 [ 3 19  6 19]
18 [ 3  6 19]
19 [ 3  6 19]
20 [3 6]
21 [ 3 19  6]
22 [27]
23 [19 19 19 19]
24 [19 19 19]
25 [19 19 19]
26 [19 19]
27 [19 19]
28 [19 19]
29 []
30 [6]
31 []
32 [19]
33 [6]
34 [6]
35 []
36 []
37 []
38 [19]
39 []
40 [6]
41 []
42 [6]
43 []
44 []
45 []
46 []
47 []
48 [19  6]
49 [19]
50 [19  1]
51 [19  1]
52 [19  1]
53 [19  1]
54 [19]
55 [19  1]
56 [19  1]
57 [19  1]
58 [19  1]
59 [19  1]
60 [19]
61 [19 19  1]
62 [1 2]
63 [19 19]
64 [19 19]
65 [19 19]
66 [19]
67 [19]
68 [19]
69 [19]
70 [19]
71 [19]
72 [19  1]
73 [19  1]
74 []
75 [ 2 18]
76 []
77 [19]
78 []
79 []
80 []
81 [6]
82 [6]
83 [19]
84 [6]
85 [6]
86 []
87 []
88 []
89 []
90 []
91 []
92 []
93 []
94 [19]
95 [19]
96 [19 19 20  6]
97 [19 19]
98 [19 19]
99 [19]
100 [19]
101 [19]
102 [19]
103 [19]
104 [19]
105 [19]
106 [19]
107 [19 21]
108 [19]
109 [19]
110 [19  6]
111 [19  6]
112 [19  6]
113 [19]
114 [19]
115 []
116 [1]
117 [1]
118 [19]
119 [13 20]
120 [19]
121 [19]
122 [19]
123 [13]
124 [19 20]
125 [20 19  6]
126 [19  6]
127 [19  6]
128 [29]
129 []
130 []
131 [19]
132 [19]
133 [19 34  6]
134 [19  6]
135 [19  6]
136 [19]
137 [19  6]
138 [19 34  6]
139 [19  6]
140 [19]
141 [6]
142 [6]
143 [19]
144 [1]
145 [6]
146 []
147 [19  6]
148 [19]
149 [19  6]
150 [19]
151 [19  6]
152 []
153 [1]
154 [19]
155 [1]
156 [19  6 28]
157 [28 19]
158 [19 34  6]
159 [19  6]
160 [19  6]
161 [19  6]
162 [19 34]
163 [19 34]
164 [19]
165 [19]
166 [19]
167 [19]
168 [19]
169 [19]
170 [19  6]
171 [19  6]
172 [19  6]
173 [19]
174 [19]
175 [19]
176 [19]
177 [19]
178 []
179 []
180 []
181 []
182 []
183 []
184 []
185 []
186 []
187 [19]
188 [19]
189 [19]
190 [19]
191 [19]
192 [19]
193 [19]
194 [19]
195 [19]
196 [19]
197 []
198 []
199 []
200 []
201 []
202 []
