0 [19  6]
1 [19]
2 [19]
3 []
4 []
5 [19 19]
6 []
7 [19 19]
8 [19]
9 [19 19]
10 [19]
11 [25]
12 [4]
13 []
14 [19]
15 []
16 [19]
17 [19]
18 [19 19]
19 [19]
20 [19]
21 [19 19]
22 [19]
23 [19]
24 [19]
25 [19]
26 [19]
27 [19]
28 [19]
29 [19  6]
30 [19]
31 []
32 []
33 [19]
34 [19]
35 [19 19]
36 [19 19]
37 []
38 []
39 [19]
40 [19]
41 [19]
42 [19 19]
43 [19]
44 [19 19]
45 [19]
46 [19]
47 [19 19]
48 [19]
49 [19]
50 []
51 [19]
52 [19]
53 [19]
54 [19]
55 [19]
56 [19]
57 []
58 [19]
59 [19]
60 []
61 [19]
62 []
63 []
64 [19]
65 []
66 [19]
67 [19]
68 [19]
69 [19]
70 [19]
71 [19]
72 [19 19]
73 [19]
74 []
75 [19]
76 [19]
77 [19 19]
78 [19]
79 [19]
80 [19]
81 [19 19]
82 [19]
83 [19]
84 [19]
85 [19]
86 []
87 [19 19]
88 [19]
89 []
90 [19]
91 [19]
92 [19]
93 [19]
94 [19]
95 [19 19]
96 [19 19]
97 [19]
98 [19]
99 [19]
100 [19 19]
101 [19]
102 [19 19]
103 []
104 [19  4]
105 []
106 []
107 [19]
108 [19]
109 []
110 []
111 [19]
112 [19]
113 [19 19]
114 [19]
115 [19]
116 [19 19]
117 [19]
118 [19 19]
119 [19 19]
120 [19 19]
121 [19 19]
122 []
123 [19]
124 []
125 []
126 [19 19]
127 []
128 []
129 []
130 [19]
131 []
132 [19]
133 []
134 []
135 [19]
136 []
137 []
138 [19 19 19]
139 [19 19 19]
140 [19]
141 [19  6]
142 [6]
143 [6]
144 [19 19]
145 [19 19  6 19]
146 [19  6 19]
147 [19 19 19]
148 [19 19 19]
149 [19 19  4]
150 [19]
151 [19 19]
152 [19 19]
153 [19 19 19]
154 [19 19 19]
155 [19]
156 [19]
157 [19 19 19]
158 [19]
159 [19 19]
160 [19 19 19]
161 [19 19 19]
162 [19 19 19 19]
163 [19 19 19]
164 [19 19 19]
165 [19 19 19 19]
166 [19 19 19 19]
167 [19 19 19]
168 [19 19 19]
169 [19 19 19 19]
170 [19 19 19 19]
171 [19 19 19 19 19]
172 [19 19 19 19 19]
173 [19 19 19 19 19]
174 [19 19 19 19]
175 [19 19]
176 [19 19 19]
177 [19 19 19 19]
178 [19 19 19]
179 [19 19 19]
180 [19 19 19 19]
181 [19 19 19 19]
182 [19 19]
183 [19 19 19]
184 [19 19 19  6]
185 [19 19 19 19]
186 [19 19 19]
187 [19 19 19 19]
188 [19 19 19]
189 [19 19 19]
190 [19 19 19 19]
191 [19 19]
192 [19]
193 [19 19 19]
194 []
195 [19]
196 [19 19]
197 [19 19]
198 [19 19]
199 [19 19]
200 [19 19 19 19]
201 [19 19]
202 [19]
203 []
204 [19 19]
205 [19 19 19]
206 [19 19 19]
207 [19 19 19 19]
208 [19]
209 []
210 []
211 [19]
212 []
213 []
214 []
215 [19]
216 [19]
217 [19]
218 [19  6]
219 [19]
220 [19  6]
221 []
222 [6]
223 [19]
224 [19]
225 [19]
226 []
227 [19]
228 [19]
229 [19 19]
230 []
231 []
232 [19]
233 []
234 [19]
235 [19]
236 [19  6]
237 []
238 []
239 [19]
240 []
241 [19]
242 [19]
243 [19]
244 [19]
245 [19 19]
246 [19 19]
247 [19]
248 [19]
249 [19  6]
250 [19]
251 [19]
252 [19 19]
253 [19 19]
254 [19]
255 [19]
256 [19]
257 [19]
258 []
259 [19]
260 [19]
261 [19]
262 []
263 []
264 [19  6]
