0 [19 12]
1 [19 21 12  9]
2 [19 12]
3 [19]
4 [19 12 21  9]
5 [19 12]
6 [19 12  1]
7 [19 12]
8 [19 21]
9 [19]
10 [19 21]
11 [21 19 12]
12 [19 21]
13 [21 19]
14 [21 12 19  9]
15 [21  9 19 12]
16 [19 12  9]
17 [21  9 19 12]
18 [21  9 12 19]
19 [21 19  9]
20 [21  9 19]
21 [21 19 21  9 21]
22 [ 9 19]
23 [9]
24 [12 19  9  6]
25 [9]
26 [9]
27 [9]
28 [9]
29 [12  9]
30 [ 9 21 19 12]
31 [9]
32 [ 9 19]
33 [19  9]
34 [19  9]
35 [19  9 21]
36 [19 21  9]
37 [19 21]
38 [19 21]
39 [19 21]
40 [19  9]
41 [9]
42 [ 9 12]
43 [12  9]
44 [21 21 12  9]
45 [19]
46 [21 19  9]
47 [19  9  9]
48 [12 21 19  9]
49 [12  9  9]
50 [ 9 12 21]
51 [9]
52 [ 9 12  9]
53 [ 9  9 21 12]
54 [21  9 12]
55 [21 12  9]
56 [12  9]
57 [12  9]
58 [19  9 12]
59 [19]
60 [ 9 19]
61 [ 9 19 12]
62 [19  9]
63 [19 21 12]
64 [ 9 12]
65 [19 12  9]
66 [19 12]
67 [19 12]
68 [19 12  9]
69 [19 12  4  9]
70 [19 12]
71 [19  4 12]
72 [19  9  4]
73 [12  9]
74 [ 9 12]
75 [9]
76 [19]
77 [9]
78 [ 9 12]
79 [ 9 21 12]
80 [ 9 21 12 21]
81 [ 9 12 21]
82 [ 9 21]
83 [ 9 21 12 19 21]
84 [ 9 19 21 12]
85 [ 9 21 12 19]
86 [21 12 19]
87 [ 9 21 19 12]
88 [ 9 21 19 21 12]
89 [ 9 21 19 12]
90 [ 9 21 19 12]
91 [ 9 21 19 12]
92 [ 9 19 21 12]
93 [ 9 19 12]
94 [19  9 12]
95 [ 9 19 21 12]
96 [ 9 21 12 19]
97 [ 9 19 12 21]
98 [ 9 19 12]
99 [ 9 19]
100 [ 9 21 19]
101 [ 9 21 19]
102 [ 9 19]
103 [19 12  9 21]
104 [19  9 12]
105 [ 9 21 19 12 12]
106 [19  9 12 12]
107 [19  9 21 12 12]
108 [ 9 19 21 12]
109 [ 9 19 21 12]
110 [ 9 19 12 21]
111 [ 9 19 12 21]
112 [ 9 19 12 21]
113 [ 9 19 21 12]
114 [ 9 19 21]
115 [ 9 21 19 12]
116 [ 9 19 12]
117 [19  9 12]
118 [19 12  9]
119 [19  9 21 12]
120 [ 9 19 12 12]
121 [19  9 12]
122 [19  9 21 12 12]
123 [19 12 12  9]
124 [19 21  9 12]
125 [19  9 12]
126 [19  9 12 12]
127 [19  9 21 12]
128 [ 9 19 21]
129 [ 9 19 21 12]
130 [19 21 12  9]
131 [21 19 12  9]
132 [21 19  9 12]
133 [21 19  9 12]
134 [ 9 21]
135 [ 9 21 12]
136 [ 9 19 12 21]
137 [ 9 19 21]
138 [ 9 21 19]
139 [21  9 12 19]
140 [ 9 19 21 12]
141 [ 9 21 12]
142 [ 9 19 12]
143 [ 9 19 21 12]
144 [ 9 19 21 12]
145 [ 9 19 12 21]
146 [ 9 19]
147 [19  9 21]
148 [ 9 19]
149 [19 21]
150 [19  9]
151 [21 19]
152 [19]
153 [19]
154 [ 9 19 21 12]
155 [ 9 19 21]
156 [ 9 19 21]
157 [ 9 21 19]
158 [19  9 21]
159 [19  9 21]
160 [ 9 21 12 19]
161 [ 9 21 19 12]
162 [19 21  9 12]
163 [19  9 21 12]
164 [ 9 19 12 21]
165 [19  9 21 12]
166 [19  9 21 12]
167 [19  9 12 21]
168 [19 12  9]
169 [19  9 12]
170 [19  9 34 12]
171 [19 12]
172 [19  9 12 34]
173 [19  9 12]
174 [19 21  9 12]
175 [19  9 21 12]
176 [19  9 21 12]
177 [19 21  9 12]
178 [ 9 12 19 21]
179 [ 9 12 19 21]
180 [19 21 12  9]
181 [ 9 21 12 19]
182 [ 9 19 21 12]
183 [19  9 21 12]
184 [19  9 21 12]
185 [19 12 19]
186 [19  9 12]
187 [19  9 12]
188 [19  9 12]
189 [19  9 12]
190 [ 9 19 12]
191 [ 9 19]
192 [ 9 19]
193 [19  9]
194 [ 9 19]
195 [ 9 19]
196 [ 9 19]
197 [ 9 19]
198 [ 9 19]
199 [ 9 19]
200 [ 9 19]
201 [ 9 19]
202 [ 9 19]
203 [ 9 19]
204 [ 9 12]
205 [ 9 19]
206 [ 9 12 19]
207 [ 9 12]
208 [ 9 19 34 12]
209 [19  9 12]
210 [ 9 19]
211 [ 9 19 12]
212 [19  9]
213 [ 9 19]
214 [ 9 19 12]
215 [ 9 19]
216 [19  9 17]
217 [19 12  9]
218 [19  9 12]
219 [19  9]
220 [19  9]
221 [ 9 12]
222 [ 9 19]
223 [19  9]
224 [ 9 19]
225 [ 9 19 12]
226 [ 9 12 19]
227 [ 9 19 12]
228 [19  9]
229 [19 17]
230 [19]
231 [19]
232 [19]
233 [19]
234 [19  9]
235 [19]
236 [19]
237 [9]
238 [19]
239 [ 9 19]
240 [19]
241 [19]
242 [19]
243 [ 9 19]
244 [ 9 19]
245 [19  9]
246 [19  9]
247 [19  9]
248 [19  9]
249 [19  9]
250 [19  9]
251 [9]
252 [19  9]
253 [19]
254 [19]
255 [19 12]
256 []
