0 [29]
1 [29]
2 [29 19]
3 [29]
4 [19]
5 [19  3]
6 [19 21  6]
7 [ 4 19]
8 [19]
9 []
10 [21]
11 [21  4]
12 []
13 []
14 [3]
15 []
16 []
17 [21]
18 []
19 []
20 []
21 [19 19]
22 []
23 []
24 [ 3 19]
25 []
26 [19]
27 [19]
28 [19]
29 []
30 [19]
31 []
32 []
33 []
34 [14]
35 []
36 []
37 []
38 []
39 []
40 []
41 [19]
42 [19]
43 []
44 [14]
45 []
46 []
47 []
48 [ 4 14]
49 []
50 []
51 []
52 []
53 []
54 []
55 []
56 []
57 []
58 []
59 []
60 []
61 []
62 []
63 [6]
64 []
65 [6]
66 []
67 [6]
68 []
69 [6]
70 []
71 []
72 [6]
73 [6]
74 []
75 []
76 [6]
77 []
78 []
79 []
80 [11]
81 []
82 []
83 []
84 []
85 []
86 []
87 []
88 []
89 [6]
90 [6]
91 []
92 []
93 [6]
94 [19]
95 [6]
96 [6]
97 [6]
98 []
99 []
100 []
101 []
102 [9]
103 []
104 []
105 []
106 []
107 []
108 []
109 []
110 []
111 []
112 [6]
113 [19]
114 [19  6]
115 [6]
116 []
117 []
118 [6]
119 []
120 []
121 []
122 []
123 []
124 []
125 []
126 []
127 []
128 []
129 []
130 []
131 []
132 []
133 []
134 [6]
135 []
136 [6]
137 [6]
138 [6]
139 [6]
140 []
141 []
142 [6]
143 []
144 []
145 []
