0 [19 20 19]
1 [19 20  9]
2 [20 19 21 17]
3 [19 21 20 20 21]
4 [19 21 19 20]
5 [19 21 17]
6 [19 21]
7 [21  4]
8 [19 22 21]
9 [19 21]
10 [19 38 21]
11 [19 38 21]
12 [19 21 38]
13 [19 38]
14 [19 38 17]
15 [19 38  9 21  4 17]
16 [19 38 21 17  4]
17 [19 21]
18 [19 22  6]
19 [19 21 21]
20 [21 19 21]
21 [21]
22 [19 20 21]
23 [19 20 34 21]
24 [19 21 20]
25 [19 21 20 34]
26 [21 19 20]
27 [ 4 19 21 19 20  9]
28 [19 21]
29 [19 21 34 22]
30 [19 21 34  9 38]
31 [21]
32 [19 19  4]
33 [19 38 21]
34 [38 19 21]
35 [19 38 21]
36 [19 38 21]
37 [19 38 34 21]
38 [19 38]
39 [19 38]
40 [19 38]
41 [19 38]
42 [19 38]
43 [38 19  4]
44 [19 38]
45 [19 38]
46 [19 38]
47 [38 19]
48 [19 38  3 21]
49 [19 21 38 34]
50 [19 21 21 17]
51 [19 21]
52 [19 21 20 19]
53 [19 20 21]
54 [21 20 21]
55 [20 21 21]
56 [19 21 20]
57 [19 21 21 20 19]
58 [19 21 19]
59 [19 21 20 21]
60 [19 20 19]
61 [19 20]
62 [19 20 21 34  9]
63 [19 20 21]
64 [20 19 21]
65 [19 21 34 20  4  9]
66 [19 21 21 17  4]
67 [19  4 22]
68 [21  9]
69 [38  9 21]
70 [38 19 22 21]
71 [19 38  9]
72 [19 38]
73 [19 38  4]
74 [19 38]
75 [38 19]
76 [19 38 21]
77 [19]
78 [19 17]
79 [19 17]
80 [19 17 37]
81 [19 17  3]
82 [19 34 17]
83 [19 38 34  3]
84 [34 19  3]
85 [19 17  3]
86 [19]
87 [19]
88 [17 37 37]
89 []
90 []
91 [19 34]
92 [38 34 19 38 37]
93 [19 34]
94 [19]
95 [19 38]
96 [19 38  9 38]
97 [19 37]
98 [19]
99 [19 38]
100 [19 38 38 17]
101 [19]
102 [19]
103 [19 21 38]
104 [19 21 38]
105 [19 21 38]
106 [19 38 21 38]
107 [19 21 38 38 19]
108 [19 21 38]
109 [19 21]
110 [38 21 19]
111 [21]
112 [38]
113 [19 38]
114 [19 38 38]
115 [19 38]
116 [38 19 37]
117 [19 38]
118 [19 38 17 37]
119 [19 38 38 34  3]
120 [19 38 34]
121 [38]
122 [19]
123 [19 21  3]
124 [21  3]
125 [19]
126 [19]
127 [19 32]
128 [19 38 17]
129 [19]
130 [19]
131 [19 38 38 38]
132 [19 19 17 34  4  9]
133 []
134 [19 17  3]
135 [ 9 19]
136 [19 34 17  3]
137 [17 19  3]
138 [19 17 17]
139 [19 17  3]
140 [19 17]
141 [19]
142 [19 34 21]
143 [19 34 21 17  9]
144 [19  9]
145 [19 34]
146 [19 34]
147 [19 34  9]
148 [19  6]
149 [19  9]
150 [19]
151 [19 34]
152 [19 34]
153 [34  9 19]
154 [19]
155 [19]
156 [19 34  9]
157 [19 34]
158 [19 12 34]
159 [9]
160 [15]
161 [15 18]
162 [19  1]
163 [17 19]
164 [17]
165 [17 19  9]
166 [19 10]
167 [17  9 17]
168 [17 17 34  9]
169 []
170 [19 17]
171 [19  9]
172 [17]
173 [19 17  3]
174 [19 17]
175 [19]
176 [19 34 17 26]
177 [19 21 17]
178 [19 21]
179 [19 21 22]
180 [19 21]
181 [19 17 22]
182 [19 22 21 12]
183 [21 21]
184 [21 21  6 21]
185 [21 21]
186 [21]
187 [19 21 34 34 22]
188 [19 21 34 22]
189 [19 22 34]
190 [19 11 21 22]
191 [19 21 21 22 11]
192 [21  4]
193 [19]
194 [19]
195 [19 17]
196 [19  3]
197 [ 9 19 12]
198 [19  9]
199 [19  9 17]
200 [19]
201 [19  3]
202 [19  3]
203 [19]
204 [19  9 34]
205 [9]
206 [19 17 34]
207 [19]
208 [19 34  3]
209 [19 34]
210 [19]
211 [19  9]
212 [19 34 17  9]
213 [19 34]
214 [19 17]
215 [19 17]
216 [19 19 17 19  9]
217 [19 17 37]
218 [19]
219 [19 34 30]
220 [19 17  3]
221 [3]
222 [19  4 17  3]
223 [19 38  3]
224 [19 22  3]
225 [19 21]
226 [19 17 21]
227 [19 21 22]
228 [19 38 21]
229 [19 21 22]
230 [19 21]
231 [19 21]
232 [19 21 22 22]
233 [19 21 21 21 21]
234 [38 21 19 19]
235 [38 21 22]
236 [38 21]
237 [19 38 21]
238 [19 38 21]
239 [19 21 38]
240 [22 21]
241 [19 21 35]
242 [19 21]
243 [19  3]
244 [19 38 38  3]
245 [19 38]
246 [19 38  9  3 35]
247 [38 19 19  3 38]
248 [19 38  3]
249 [19  9  3 34]
