0 [21 19  9  9 21]
1 [ 9 21 19]
2 [ 9 12 19]
3 [ 9 19 19]
4 [19]
5 [19 12]
6 [19  9  4]
7 [19  9]
8 [19  4]
9 [ 9 19  4  9]
10 [19 19 28]
11 [ 9 19  9]
12 [19  9]
13 [ 9 21 22 12 21]
14 [21  9 19 21  9]
15 [ 9 21 19 21 22 12]
16 [ 9 21 21 21]
17 [ 9 19 34]
18 [9]
19 [9]
20 [9]
21 [ 9 19]
22 [9]
23 [ 9  9 19]
24 [9]
25 [19  4  9]
26 [19  9 28]
27 [ 9 19 19]
28 [19  9]
29 [19 12]
30 []
31 [19 12]
32 [19 19 19]
33 [19]
34 [19]
35 [19 28 19]
36 [19  9]
37 [19]
38 [19]
39 [19 28 21 22 19]
40 [21 19 28 22]
41 [21 19 21 12]
42 [21 28 22 21 21]
43 [28 21]
44 [28]
