0 [6]
1 [7]
2 [6]
3 [6]
4 [6]
5 [6]
6 []
7 []
8 []
9 []
10 [19]
11 [19]
12 [19 19]
13 []
14 []
15 []
16 []
17 []
18 [19]
19 [19]
20 [19]
21 [19]
22 [19]
23 [19 37]
24 [19  6]
25 []
26 [19]
27 []
28 [6]
29 []
30 []
31 []
32 []
33 []
34 []
35 []
36 []
37 [19  6]
38 [19]
39 [19]
40 [19]
41 [19]
42 [19]
43 [19]
44 [19]
45 []
46 []
47 []
48 []
49 [19]
50 [19]
51 [19]
52 []
53 [19]
54 []
55 [19]
56 [19]
57 []
58 [19]
59 []
60 [6]
61 [21]
62 []
63 []
64 []
65 []
66 []
67 []
68 []
69 [21]
70 []
71 [6]
72 [19]
73 [19]
74 [19]
75 [19]
76 [19]
77 [19]
78 [19]
79 []
80 []
81 [19]
82 [19]
83 [19]
84 [19]
85 []
86 []
87 [6 4]
88 [19]
89 []
90 []
91 []
92 []
93 []
94 []
95 []
