0 []
1 []
2 [23]
3 []
4 []
5 []
6 []
7 []
8 []
9 []
10 []
11 []
12 []
13 []
14 [16]
15 []
16 []
17 []
18 []
19 []
20 [19]
21 []
22 []
23 []
24 [15]
25 []
26 []
27 [19]
28 [19  6  4]
29 [19]
30 []
31 [9 4]
32 []
33 []
34 [16]
35 []
36 [19 16]
37 [ 9 16]
38 [19  4]
39 [19  8  9]
40 [8]
41 []
42 [ 9 16]
43 [16]
44 [6]
45 [16]
46 [16]
47 [ 6 19]
48 [6 9]
49 []
50 []
51 []
52 []
53 []
54 [12]
55 [9]
56 [19]
57 [19]
58 []
59 []
60 []
61 []
62 [21]
63 [6]
64 [6]
65 []
66 []
67 [19 16]
68 [19]
69 []
70 [6]
71 [9]
72 []
73 []
74 [2 9]
75 [9]
76 [9]
77 []
78 [16]
79 [16]
80 [16]
81 [16]
82 []
83 [16]
84 []
85 [19 38]
86 [19]
87 [19]
88 []
89 [6]
90 []
91 [16]
92 []
93 []
94 []
95 []
96 []
97 []
98 []
99 []
100 [ 6 11]
101 [6]
102 [ 6 11]
103 []
