0 [19]
1 [19]
2 [19]
3 [19]
4 [19]
5 [19]
6 [19]
7 [19]
8 [19]
9 [19]
10 [19]
11 [19]
12 [19]
13 [19]
14 [19]
15 [19]
16 [19]
17 [19]
18 [19]
19 [19]
20 [19]
21 [19]
22 []
23 [19]
24 [19]
25 [19]
26 [19 18 15]
27 [19 21]
28 [19]
29 [19]
30 [19]
31 [19]
32 [19]
33 [19]
34 [19]
35 []
36 []
37 []
38 []
39 [19]
40 [19]
41 [19]
42 [19]
43 [19]
44 [19]
45 [19]
46 [19]
47 [19]
48 [19]
49 [19]
50 [19]
51 [19]
52 [19  1]
53 [19]
54 [19]
55 [19]
56 [19]
57 [19]
58 [19]
59 [19]
60 [19]
61 [19]
62 [19]
63 [19]
64 [19]
65 [19]
66 [21 19]
67 [19]
68 [19]
69 [19]
70 [21 19]
71 [19]
72 []
73 [4]
74 []
75 [19]
76 [19]
77 [19]
78 [1]
79 [1]
80 [19]
81 []
82 []
83 []
84 []
85 []
86 []
87 [19  1]
88 [19]
89 [1]
90 [19  1 21]
91 [ 1 19 21]
92 [19]
93 [19]
94 [19  2]
95 [19]
96 [21 19]
97 [19]
98 [19]
99 [19]
100 [19]
101 [19]
102 [19]
103 [19]
104 [19]
105 [19]
106 [19]
107 [1]
108 [1]
109 []
110 [1 2]
111 []
112 []
113 [1]
114 [19]
115 [19]
116 [19]
117 [19]
118 [19]
119 []
120 [1]
121 [1]
122 []
123 []
124 [19]
125 [19  2]
126 [19]
127 []
128 [19]
129 [19  2]
130 []
131 []
132 []
133 []
134 []
135 []
136 [19]
137 [19]
138 [19]
139 [2]
140 []
141 [2]
142 []
143 []
144 []
145 []
146 []
147 []
148 [1]
149 []
150 []
151 []
152 []
153 [1]
154 []
155 [19  1  2]
156 [19]
157 [19]
158 [19]
159 [19]
160 [19]
161 [19]
162 [19]
163 [19]
164 [19]
165 [19]
166 []
167 [19]
168 [2]
169 []
170 [2]
171 [2]
172 []
173 []
174 []
175 []
176 []
177 []
178 []
179 []
180 [17]
181 []
182 [19]
183 [19]
184 [2]
185 [19 21]
186 [19]
187 []
188 [2]
189 [19]
190 []
191 []
192 []
193 [19]
194 [19]
195 [19  2]
196 []
197 [19]
198 [19]
199 [19]
200 [19]
201 [19  1]
202 [19]
203 [19]
204 [19]
205 [19]
206 [19]
207 [19]
208 [19]
209 [19]
210 [19]
211 [19]
212 [19]
213 [19]
214 [19]
215 [19]
216 [19]
217 [19]
218 [19]
219 [19]
