0 []
1 [6]
2 []
3 [6 6]
4 [2]
5 [19  6  9]
6 []
7 [19]
8 [19]
9 [19 15]
10 [19]
11 [19]
12 [19]
13 [19]
14 [19]
15 [19]
16 [19]
17 [19]
18 [8]
19 []
20 []
21 [19]
22 []
23 [19]
24 []
25 []
26 [19]
27 [19]
28 [19]
29 [14]
30 [19 14]
31 [19]
32 [19]
33 [19]
34 [19  6]
35 [14  6]
36 [6]
37 [19  6]
38 [19  6]
39 [19]
40 [19]
41 [19 14]
42 []
43 [19]
44 [19]
45 [19]
46 [19]
47 [19]
48 []
49 []
50 [1]
51 []
52 []
53 [19]
54 [14]
55 []
56 [14]
57 []
58 [19  6]
59 [14 19]
60 [14]
61 [14]
62 [19]
63 []
64 []
65 []
66 [9]
67 [6]
68 [19]
69 []
70 [19]
71 []
72 [19]
73 [14]
74 [19 14]
75 [14 19]
76 [14]
77 [14 19]
78 [19 14]
79 [14]
80 [14]
81 [14]
82 []
83 [14]
84 [14]
85 [14]
86 [14]
87 []
