0 []
1 []
2 []
3 []
4 []
5 []
6 []
7 []
8 []
9 []
10 []
11 []
12 []
13 []
14 []
15 []
16 []
17 []
18 []
19 []
20 []
21 []
22 []
23 []
24 []
25 []
26 []
27 [19]
28 [19]
29 [19]
30 [15]
31 [19  1]
32 [19 15]
33 [19 15]
34 [15 19]
35 [19]
36 [19  1]
37 [19 19]
38 [19 19]
39 [19 19]
40 []
41 [1]
42 [1]
43 []
44 [19 15]
45 [19 15  1]
46 [19]
47 [19]
48 []
49 []
50 []
51 []
52 [19]
53 [19]
54 [19]
55 [19 15]
56 [19 15]
57 [19 15 19]
58 [19 15  1]
59 [19]
60 []
61 []
62 [19  1]
63 [19 15  1]
64 [19  1 15]
65 [19 15  7  1]
66 [15 19]
67 [19 15]
68 [19]
69 []
70 []
71 []
72 []
73 []
74 [19]
75 [15 19]
76 [ 1 19 15]
77 [19 15]
78 [19 38 15]
79 []
80 []
81 []
82 []
83 []
84 []
85 []
86 []
87 []
