0 []
1 []
2 [1]
3 [1]
4 [1]
5 []
6 []
7 []
8 [14]
9 [6]
10 []
11 []
12 []
13 [14]
14 []
15 [14]
16 [14]
17 []
18 [14]
19 []
20 []
21 [14]
22 []
23 []
24 []
25 [12]
26 [6]
27 [6]
28 []
29 [6]
30 []
31 []
32 []
33 []
34 []
35 [6]
36 []
37 []
38 [6]
39 []
40 []
41 []
42 [14]
43 []
44 [14]
45 [14]
46 []
47 []
48 []
49 []
50 []
51 [12]
52 [12]
53 []
54 []
55 []
56 []
57 []
58 [14]
59 []
60 []
61 []
62 []
63 []
64 []
65 []
66 []
67 []
68 []
69 []
70 []
71 [14]
72 []
73 [12]
74 []
75 []
76 []
77 []
78 []
79 []
80 []
81 []
82 []
83 []
84 []
85 [6]
86 []
87 []
88 []
89 []
90 []
91 []
92 []
93 []
94 []
95 []
96 []
97 []
98 []
99 []
100 []
101 [6]
102 []
103 []
104 [12]
105 []
106 []
107 []
108 []
109 []
110 [7]
111 []
112 []
113 [ 6 12]
114 []
115 [6]
116 [6]
117 []
118 [12]
119 [12]
120 []
121 [12]
122 []
123 [12]
124 [12]
125 [12]
126 []
127 []
128 [14]
129 []
130 []
131 []
132 []
133 []
134 []
135 []
136 []
137 []
138 []
139 []
140 []
141 []
142 []
143 []
144 []
145 []
146 []
147 []
148 []
149 []
150 []
151 []
152 []
153 []
154 []
155 []
156 []
157 [14]
158 [14]
159 []
160 [14]
161 []
162 [14]
163 [14]
164 []
165 [14]
166 []
167 []
168 []
169 [14]
170 []
171 []
172 [12]
173 [12]
174 []
175 [1 1]
176 [1]
177 [1 6]
178 [1 7]
179 []
180 []
181 [1]
182 []
183 []
184 [1]
185 [7]
186 []
187 [6]
188 []
189 [12]
190 []
191 []
192 []
193 [12]
194 [12]
195 []
196 []
197 []
198 []
199 [12]
200 [ 6 12 14]
201 []
202 []
203 [7]
204 []
205 []
206 [12  7]
207 []
208 [7]
209 []
210 []
211 []
212 []
213 []
214 []
215 [12  6]
216 [12]
217 [12]
218 []
219 []
220 []
221 [12]
222 [12]
223 [12]
224 [12]
225 [12]
226 []
227 []
228 []
229 []
230 []
231 []
232 []
233 []
234 []
235 []
236 []
237 []
238 [12]
239 [12]
240 [12]
241 [12]
242 [12]
243 [12]
244 [12]
245 [12]
246 [12]
247 [12]
248 [12]
249 [12]
250 [12]
251 [12]
252 []
253 [12]
254 [12]
255 [12]
256 [12]
257 [12]
258 []
259 []
260 []
261 [17]
262 [12]
263 []
264 [7]
265 []
266 []
267 []
268 [9]
269 [9 7]
270 [7]
271 [11  6]
272 [6]
273 [6]
274 [12]
275 [ 3 12]
276 [26  3]
277 []
278 [6]
279 [12 12]
280 [12]
281 [12]
282 [12]
283 [12]
