0 [19 14]
1 [19 14]
2 [19 14]
3 [19 14]
4 [19 14]
5 [14 19]
6 [6]
7 [6]
8 [6]
9 []
10 []
11 []
12 []
13 [6]
14 [6]
15 [14 19]
16 [19 14]
17 [19  6 14]
18 [14 19  6]
19 [19 14]
20 [19 14  4]
21 [19 14  4]
22 [19 14]
23 [19 14]
24 [14 19]
25 [19  4 14]
26 [ 4 19]
27 [19]
28 [6]
29 [6]
30 [6]
31 []
32 []
33 [6]
34 [19]
35 [19]
36 [19 26]
37 [19 26]
38 [19]
39 [19]
40 [10]
41 [19 26]
42 [19]
43 [19]
44 [19]
45 [19]
46 []
47 [19]
48 [19]
49 [19]
50 []
51 []
52 [19]
53 [19]
54 [19]
55 [19]
56 [19]
57 [19]
58 [19]
59 [19]
60 [19]
61 [19]
62 []
63 []
64 []
65 []
66 []
67 [6]
68 [19  6]
69 [ 6 19]
