0 [19]
1 [19]
2 [19]
3 [19]
4 [19]
5 [19]
6 [27]
7 [10]
8 [19]
9 [19]
10 [19]
11 [19]
12 [19]
13 [19]
14 [19]
15 [19]
16 [19]
17 [19]
18 [19]
19 [19]
20 [19]
21 [19]
22 [19]
23 [19]
24 [19]
25 [19]
26 [19]
27 [19]
28 [19]
29 [19]
30 [19]
31 [19  4]
32 [19]
33 [19]
34 [19 10]
35 []
36 []
37 []
38 []
39 []
40 [19]
41 []
42 []
43 [4 9]
44 [4 9]
45 [19]
46 []
47 [9]
48 [4]
49 [9]
50 [8]
51 []
52 [8]
53 []
54 [8]
55 []
56 []
57 []
58 [19]
59 [19]
60 []
61 [19]
62 [19]
63 [19]
64 [19]
65 [19  4]
66 [19]
67 [19]
68 [19]
69 [19 19]
70 [19]
71 [19]
72 [19]
73 [19]
74 [19]
75 [19]
76 [19]
77 [19]
78 [19]
79 [19]
80 [4]
81 []
82 [4]
83 [19]
84 [4]
85 []
86 [19]
87 []
88 [27]
89 [27]
