0 [19 14]
1 [19]
2 [19 14]
3 [19 14]
4 [19 14]
5 [19 14  6]
6 [19 14]
7 [14]
8 [14]
9 [14  4]
10 [14]
11 [19]
12 []
13 [14]
14 [14]
15 [19]
16 [19 14]
17 [18]
18 [14]
19 [19 14]
20 [14]
21 [19 14]
22 [14 19]
23 [14]
24 [14]
25 [14]
26 [14]
27 [14]
28 [19 14]
29 [19]
30 [19  6]
31 []
32 []
33 []
34 [19]
35 []
36 []
37 [19 15]
38 []
39 []
40 [19]
41 [19]
42 []
43 []
44 []
45 []
46 []
47 []
48 [6]
49 [38 38  6 19]
50 [6]
51 [38]
52 [38 38 14 19]
53 [10]
54 [19 38 14  6]
55 [19 14]
56 [14 19]
57 [19 14]
58 [19 14]
59 [14]
60 [19 14]
