0 []
1 [3]
2 []
3 []
4 []
5 []
6 []
7 []
8 []
9 []
10 []
11 []
12 []
13 []
14 []
15 []
16 []
17 []
18 []
19 []
20 [9]
21 []
22 [9]
23 [9]
24 []
25 []
26 []
27 [9]
28 [9]
29 [9]
30 []
31 [21]
32 [21]
33 []
34 []
35 []
36 []
37 []
38 []
39 []
40 [5]
41 [5]
42 [5]
43 [5]
44 [5]
45 []
46 []
47 []
48 []
49 []
50 []
51 []
52 []
53 []
54 []
55 []
56 []
57 []
58 []
59 []
60 []
61 []
62 []
63 []
64 [9 9]
65 []
66 [9]
67 []
68 []
69 []
70 []
71 []
72 []
73 []
74 [19]
75 [19  9]
76 [19  9 10]
77 [19  9 10]
78 [19  9 10]
79 [19  9 10]
80 [19  9 10  4]
81 [19 10 21  4  9]
82 []
83 [9]
84 [9]
85 [9]
86 [9]
87 [9]
88 [9]
89 [9]
