0 [12]
1 []
2 [19]
3 [19  3]
4 [19  3]
5 [3]
6 [3]
7 [ 3 19]
8 [19  4  3  9]
9 [19  9 17]
10 [19  9 12]
11 [ 9 12]
12 [19 12]
13 []
14 [ 9 19]
15 [19]
16 [15]
17 [ 9 19]
18 [19  9 12]
19 [12 19  9]
20 [19 12]
21 [19 29]
22 []
23 [19]
24 []
25 [3]
26 [3]
27 [3]
28 [19  9  3 17]
29 [19  9  3]
30 [19  4]
31 [3]
32 [3]
33 [3]
34 [3]
35 [19  9  3]
36 [19  9  3]
37 [19  9  3]
38 [19  9  3  1]
39 [19]
40 [19  3]
41 [19  3]
42 [19  3]
43 [19  3]
44 [19 34  3 19]
45 [19  3]
46 [ 3 19]
47 [19  3]
48 [19  3]
49 [19  3]
50 [19  3]
51 [19  3 34]
52 [19  3]
53 [19  3]
54 [19  3]
55 [19  3]
56 [19  3  9]
57 [19  3]
58 [19  3]
59 [19  3]
60 [ 3 19]
61 [19  3]
62 [19  4  3 17 34]
63 [19  3]
64 [19  3  9]
65 [19  9  3]
66 [ 3 19]
67 [19  9  3]
68 [19  3]
69 [19  3]
70 [3]
71 [19  9  3]
72 [19  3]
73 [19  3  4]
74 [19  3]
75 [19  3]
76 [19  3 17  4]
77 [19  9  3]
78 [19  9  3]
79 [19  9  3]
80 [9 3 9]
81 [19  3]
82 [19  9  3 17]
83 [19  3]
84 [19  9]
85 [9 3]
86 [19  9  3]
87 [ 9 19]
88 [19  9]
89 [19  9  3]
90 [19 17]
91 [19  9]
92 [19  9  3]
93 [19]
94 [ 9 19]
95 [19  9  3]
96 [3]
97 [3]
98 [19  9 15]
99 [19  9]
100 [ 9 19]
101 [19  9  3]
102 [19]
103 [19]
104 [3]
105 [15]
106 [15]
107 [15 28]
108 []
109 [15]
110 [15]
111 [15]
112 [15]
113 [15]
114 [15  9]
115 [15]
116 []
117 []
118 []
119 []
120 []
121 []
122 []
123 []
124 [13]
125 []
126 []
127 []
128 []
129 []
130 [11]
131 []
132 []
133 []
134 []
135 [3]
136 []
137 []
138 [15]
139 []
140 []
141 []
142 [28]
143 [28]
144 []
145 []
146 []
147 []
148 []
149 [15]
150 []
151 []
152 []
153 []
154 []
155 []
156 []
157 []
158 []
159 []
160 []
161 []
162 []
163 [13]
164 []
165 [3]
166 []
167 []
168 [27]
169 [28]
170 [28]
171 [19]
172 [28]
173 [28]
174 [28]
175 []
176 []
177 []
178 []
179 [19]
180 []
181 []
182 []
183 []
184 []
185 []
186 []
187 [11]
188 []
189 []
190 []
191 [ 6 11]
192 []
193 [3]
194 []
195 [3]
196 []
197 [3]
198 []
199 []
200 []
201 []
202 []
203 []
204 [19  1]
205 [ 1 19]
206 [12 28 19]
207 [19  1 12]
208 [28]
209 []
210 []
211 []
