0 []
1 []
2 []
3 []
4 []
5 []
6 []
7 []
8 []
9 []
10 []
11 [27]
12 [19 10]
13 [ 9 21 10 12]
14 [10 19 21]
15 [10 19 21]
16 [10]
17 [10 19]
18 [19 10 12]
19 [10]
20 [10]
21 [ 9 10]
22 [10  9]
23 [10 12]
24 [10]
25 [10]
26 [10]
27 [10]
28 [10]
29 [10]
30 [10]
31 [10 19]
32 [19 10]
33 [10]
34 [10]
35 [10]
36 [10 19]
37 [10]
38 [10]
39 [10]
40 [ 9 10]
41 [10 19]
42 [10 19]
43 [10 19]
44 [10 19]
45 [10 19]
46 [19 10]
47 [10]
48 [19 10]
49 [10  9]
50 [10 19  9]
51 [19 10]
52 [10  9]
53 [19 10  1]
54 [10 19]
55 [19 10 21]
56 [10  9 21 19]
57 [10 19 21]
58 [19 10 21 12]
59 [21 10  9]
60 []
61 []
62 []
63 []
64 []
65 []
