0 []
1 []
2 []
3 [19]
4 [19]
5 [19]
6 [19]
7 []
8 [19]
9 [19]
10 [19]
11 [19]
12 [19  1]
13 [19 18]
14 []
15 [18]
16 [8]
17 [8 4]
18 [8 7]
19 [8]
20 [8]
21 [8]
22 [19  8]
23 [7]
24 [8]
25 [7 8]
26 [8 6]
27 [7]
28 []
29 [8]
30 [8]
31 []
32 [13]
33 [13]
34 []
35 [38]
36 [13]
37 []
38 []
39 []
40 [14]
41 []
42 []
43 [13]
44 [7 6]
45 [6]
46 [6]
47 [7 6 8]
48 [6 7]
49 [6]
50 [6]
51 [6]
52 [6]
53 [7]
54 [6]
55 [6]
56 [7]
57 [7]
58 [9]
59 [7]
60 [7]
61 []
62 []
63 []
64 []
65 []
66 []
67 []
68 []
69 []
70 []
71 [7]
72 []
73 []
74 []
75 []
76 []
77 []
78 []
79 []
80 []
81 [6]
82 [6]
83 [6]
84 [6]
85 [8]
86 [8]
87 [8 6]
88 [8]
89 [19 10]
90 [19 28 10]
91 [19 28 10]
92 [28 19 28]
93 [19 28 28]
94 [19 19 28]
95 [19 28  9]
96 [19 28 28]
97 [19 28 28]
98 [19 28  9]
99 [19 28]
100 [19 28 28]
101 [19 10]
102 [19 10]
103 [14]
104 []
105 []
106 []
107 []
108 []
109 []
110 [27]
111 []
112 []
113 []
114 []
