0 []
1 []
2 []
3 []
4 []
5 []
6 []
7 []
8 []
9 []
10 []
11 []
12 []
13 []
14 [31]
15 [19]
16 [19]
17 [19]
18 [19  1]
19 [19]
20 [19  9]
21 [19]
22 [19]
23 [19 31]
24 [19  9]
25 [19  9]
26 [19]
27 [19]
28 [19]
29 [19]
30 [19]
31 [19]
32 [19]
33 [19]
34 [19]
35 [19]
36 [19]
37 [19  9 31]
38 [19 17]
39 [19 17]
40 [19 17]
41 [19 15 16]
42 [19 15]
43 [19 16]
44 [19 15]
45 [19 17 15]
46 [19 17]
47 [19 15  1 15 17]
48 [19 15 17]
49 [19  1]
50 [19 17]
51 [19 17]
52 [19  1]
53 [19  1]
54 [19]
55 [19]
56 [19]
57 [19]
58 [19]
59 [19]
60 [19]
61 [19]
62 [3]
63 [3]
64 []
65 []
66 [19  3]
67 [3]
68 [3]
69 [3]
70 [19  3]
71 [19  3]
72 [19  3]
73 [19  3]
74 [19  3]
75 [3]
76 [3]
77 [17  3]
78 [3]
79 [3]
80 [3]
81 [3]
82 [3]
83 []
84 []
85 [17  3]
86 [17]
87 [17]
88 [17]
89 [17]
90 [3]
91 [3]
92 [3]
93 [3]
94 [3]
95 [17  3]
96 [3]
97 [19  3]
98 [19  3]
99 [19  3]
100 [19  3]
101 [19  3]
102 [19  3]
103 [19  3]
104 [19  3  1]
105 [19]
106 [19  3]
107 [3]
108 [3]
109 [3]
110 [19  3]
111 [19 17]
112 [17 19]
113 [19 17]
114 [19 17]
115 [19]
116 [19  3]
117 [19]
118 [19]
119 [19  3]
120 [19  3  1]
121 [3]
122 [3]
123 [3]
124 [3]
125 [3]
126 [3]
127 [3]
128 [17]
129 [3]
130 []
131 [3]
132 [3]
133 [19]
134 [19]
135 [19]
136 [19]
137 [19]
138 [19]
139 [19]
140 [19]
141 [19]
142 [19]
143 [19  1]
144 [19]
145 [19]
146 [19]
147 [19]
148 [19]
149 [19]
150 [19]
151 [ 3 19]
152 [ 1  3 19]
153 []
154 []
155 []
156 [31]
157 []
158 []
159 []
160 []
161 []
162 []
163 []
164 []
165 []
166 []
167 []
168 []
169 []
170 []
171 []
