0 []
1 []
2 []
3 []
4 []
5 [6 6]
6 [17  6  6]
7 [17  6  6]
8 [17 17]
9 [1]
10 [7]
11 [7 4 6]
12 [7 4 6]
13 [7]
14 [7]
15 [7]
16 [7]
17 [7]
18 [7]
19 [6]
20 [6]
21 [6]
22 [6]
23 [6 2]
24 [6 2]
25 [6]
26 [6]
27 []
28 [19]
29 [19]
30 [19  7]
31 [19]
32 [19]
33 [19]
34 [7]
35 [7]
36 [7]
37 [19  1]
38 []
39 [19]
40 []
41 [19]
42 []
43 [1]
44 [1]
45 [1]
46 []
47 []
48 []
49 []
50 []
51 []
52 [8]
53 []
54 []
55 []
56 []
57 []
58 []
59 [9]
60 []
61 [9]
62 []
63 [19]
64 [19]
65 [19]
66 [19]
67 []
68 []
69 []
70 []
71 []
72 []
73 [19]
74 [19]
75 [19]
76 [19]
77 []
78 []
79 []
80 []
81 [19]
82 [19]
83 []
84 []
85 []
86 []
87 []
88 []
89 []
90 []
91 []
92 []
93 []
94 []
95 [19]
96 [9]
97 [19]
98 [19]
99 [19]
100 []
101 []
102 [19]
103 [19]
104 [19]
105 [19]
106 []
107 []
108 []
109 []
110 []
111 []
112 []
113 []
114 []
115 []
116 [2]
117 [2]
118 [2]
119 [2]
120 [2]
121 [2]
122 [2 6]
123 [2 6]
124 [2 6]
125 [2 6]
