0 []
1 []
2 []
3 []
4 []
5 []
6 []
7 []
8 []
9 [38]
10 []
11 []
12 []
13 []
14 []
15 []
16 []
17 []
18 []
19 [38]
20 []
21 [38]
22 []
23 []
24 []
25 []
26 []
27 []
28 []
29 [19]
30 [19]
31 [19]
32 [19 38]
33 [19]
34 [19]
35 [19]
36 [19]
37 [19]
38 [19]
39 [19]
40 [8]
41 []
42 []
43 [8]
44 []
45 [8]
46 []
47 []
48 []
49 []
50 []
51 []
52 [8]
53 []
54 []
55 [8]
56 [8]
57 []
58 []
59 []
60 [8]
61 []
62 [8]
63 []
64 []
65 []
66 []
67 []
68 []
69 []
70 [19]
71 [19]
72 []
73 []
74 []
75 []
76 []
77 []
78 [8]
79 [8]
80 [8]
81 []
82 [8]
83 []
84 []
85 [19]
86 [19]
87 [19]
88 [19]
89 [19]
90 [19]
91 []
92 []
93 []
94 [19]
95 []
96 [19]
97 [19]
98 []
99 []
100 [19]
101 []
102 []
103 []
104 []
105 []
106 []
107 []
108 []
109 []
110 []
111 []
112 []
113 []
114 []
115 []
116 []
117 []
118 []
119 []
120 []
121 []
122 []
123 []
124 []
125 []
126 []
127 []
128 []
129 []
130 []
131 []
132 []
133 []
134 []
135 []
136 []
137 []
138 []
139 []
140 []
141 []
142 []
143 []
144 []
145 []
146 [9]
147 [19]
148 []
149 []
150 []
151 [19  1]
152 [19]
153 [19]
154 [19 17]
155 [19]
156 [19]
157 [19]
158 [19]
159 [19]
160 [19]
161 [19]
162 [19]
163 [19]
164 [19  1]
165 [19]
166 [19  1]
167 [19  1]
168 [ 1 19]
169 [19  1]
170 [19  1]
171 [19  1]
172 [19  1]
173 [ 1 19]
174 [19  1]
175 [1]
176 [19  1]
177 [ 1 19]
178 [19  1]
179 []
180 [ 8 19]
181 [19]
182 [19]
183 [19]
184 [19]
185 []
186 [8]
187 [8]
188 []
189 []
190 [8]
191 []
192 []
193 []
194 []
195 []
196 []
197 []
198 []
199 []
200 []
201 []
202 []
203 []
204 [38]
205 [38]
206 [38]
207 [38]
208 [38]
209 [38]
210 [38]
211 [38]
212 [38]
213 []
214 [38]
215 []
216 []
217 []
218 []
219 []
220 []
221 [6]
222 []
223 []
224 [6]
225 [6]
226 [6]
227 [6]
228 [6]
229 []
230 []
231 []
