0 []
1 []
2 []
3 []
4 []
5 []
6 []
7 []
8 [2]
9 [2]
10 [2]
11 [2]
12 []
13 []
14 []
15 [2]
16 [6]
17 [6]
18 []
19 []
20 [9]
21 []
22 [21]
23 [19]
24 [19]
25 [19]
26 [19]
27 [19]
28 [19]
29 [19]
30 [19]
31 [19]
32 [19]
33 [19]
34 []
35 []
36 []
37 [19]
38 []
39 [19]
40 [19]
41 []
42 [19]
43 []
44 []
45 []
46 []
47 []
48 []
49 [ 6 11]
50 []
51 []
52 [3]
53 [19]
54 [19]
55 [19]
56 []
57 [19  1]
58 [19]
59 [19  4]
60 [19]
61 [19]
62 [12]
63 [6]
64 []
65 [19  1]
66 [19]
67 [14]
68 [12 21]
69 [14]
70 []
71 []
72 []
73 [14]
74 [14]
75 []
76 []
77 [19]
78 []
79 [ 6 19]
80 [19  6]
81 []
82 [19]
83 []
84 [19  2]
85 [19]
86 [19]
87 [19]
88 [19]
89 [19]
90 [19]
91 [19 21 21 21]
92 [19]
93 [19]
94 [19  1]
95 [6]
96 [19]
97 [19]
98 []
99 [19]
100 [19 12]
101 [21]
102 [21]
103 [19]
104 [19]
105 [19]
106 [19]
107 [19]
108 [19]
109 [19]
110 [19]
111 [19]
112 [19]
113 [19]
114 [9]
115 [19]
116 [19 12]
117 [19 17]
118 [19]
119 []
120 [19]
121 [19]
122 [19]
123 [6 2]
124 []
125 []
126 []
127 [9]
128 []
129 [19]
130 []
131 []
132 [19 21]
133 []
134 [19]
135 [6]
136 []
137 [11]
138 []
139 [19]
140 [19]
141 [19]
142 []
143 []
144 []
145 []
146 []
147 []
148 []
149 [6]
150 [6]
151 [19]
152 [19]
153 []
154 []
155 [6]
156 [19  6]
157 [19]
158 []
159 [19]
160 []
161 [19]
162 [19]
163 []
164 []
165 [11  9]
166 [9]
167 []
168 [15]
169 []
170 []
171 []
172 []
173 [15]
174 []
175 []
176 []
