0 []
1 [10]
2 [10]
3 []
4 []
5 []
6 []
7 [12]
8 []
9 []
10 [21]
11 []
12 []
13 []
14 []
15 []
16 [6]
17 [6]
18 [6]
19 [6]
20 [19  6]
21 [ 6 19]
22 [19  6]
23 [6]
24 [19  6]
25 [6]
26 [6]
27 [6]
28 []
29 []
30 []
31 [6]
32 [19]
33 []
34 [6]
35 [21]
36 [6]
37 [6]
38 []
39 []
40 []
41 []
42 []
43 []
44 []
45 []
46 []
47 []
48 []
49 []
50 [6]
51 [19]
52 [6]
53 [6]
54 []
55 [6]
56 [6]
57 [19]
58 [19]
59 [19]
60 [21]
61 [6]
62 [ 6 19]
63 [19  6]
64 [10]
65 [ 6 10]
66 []
67 []
68 []
69 [10]
70 [1]
71 []
72 []
73 []
74 []
75 [1]
76 [1]
77 []
78 []
79 []
80 []
81 []
82 []
83 []
84 []
85 []
86 []
87 []
88 []
89 []
90 []
91 []
92 []
