0 [11 19]
1 [6]
2 [6]
3 []
4 []
5 []
6 []
7 []
8 []
9 [19]
10 []
11 []
12 []
13 []
14 [10]
15 []
16 []
17 []
18 []
19 []
20 []
21 []
22 [6]
23 []
24 []
25 []
26 []
27 []
28 [12]
29 []
30 []
31 [3]
32 [30 12]
33 [3]
34 [3]
35 [ 3  6 21]
36 [ 3 21  6]
37 [6]
38 [3]
39 [3]
40 [3 6]
41 [3]
42 [ 6  3 12]
43 [6 3]
44 [ 6  3 12]
45 [3 6]
46 [4]
47 [6]
48 [6 3]
49 [6 3]
50 [11  6]
51 [ 6 11]
52 [6]
53 [6]
54 [6]
55 [6]
56 [6]
57 [11  6]
58 [6]
59 [6]
60 [6]
61 [6]
62 [6]
63 []
64 [6]
65 []
66 [22]
67 [12]
68 []
69 [19]
70 []
71 []
72 [19 18]
73 [19 26]
74 [19]
75 [6]
76 [11  6]
77 [ 6 11]
78 [ 6 11]
79 [6]
80 [19 19]
81 []
82 [6 3]
83 [6]
84 [6]
85 [6]
86 [6]
87 [6]
88 [6]
89 [6]
90 [6]
91 [6]
92 [6]
93 [6]
94 [6]
95 [6]
96 []
97 [6]
98 []
99 []
100 [6]
101 [6]
102 [6]
103 [6]
104 [6]
105 [6]
106 [6]
107 [6]
108 []
