0 [38]
1 [38]
2 [38]
3 []
4 [38]
5 [38]
6 [38]
7 []
8 [38]
9 []
10 []
11 []
12 [17]
13 [19]
14 [19]
15 [19 17]
16 [19]
17 [19]
18 [19  3 17]
19 [19 17]
20 [19 17]
21 [19 17]
22 [19 17]
23 [19 17]
24 [19 10 17]
25 [19]
26 [19 10]
27 [19 10]
28 [19]
29 [13 38]
30 [13  9]
31 [15  9]
32 [5]
33 [5]
34 [5]
35 [5]
36 [14]
37 []
38 [19]
39 []
40 []
41 []
42 [9]
43 []
44 []
45 [9]
46 [9 9]
47 [7 9]
48 [9]
49 [9 7]
50 [9 7]
51 [9 7]
52 [9 7]
53 [15]
54 [15]
55 [15  1]
56 [15]
57 [1]
58 [15  9]
59 [12]
60 [12]
61 [12]
62 [12]
63 [12]
64 [12]
65 [12]
66 [12]
67 []
68 []
69 [10]
70 []
71 [23]
72 [23]
73 [23]
74 [23]
75 [23]
76 [23 10]
77 [23]
78 [23 10]
79 [23]
80 [17 19]
81 [ 9  9  6 11 21]
82 [19]
83 [19]
84 [19 21 11]
85 [6]
86 []
87 [ 9 19]
88 [11  9]
89 [10 12]
90 [12]
91 []
92 [9]
93 [12]
94 []
95 [10 12]
96 [12]
97 [12]
98 [12]
99 [12]
100 [12]
101 [10]
102 [12 10]
103 [10]
104 []
105 []
106 []
107 []
108 []
109 []
110 []
111 []
112 []
113 []
114 []
115 []
116 []
117 [12]
118 [12]
119 [12]
120 [12]
121 []
122 []
123 []
124 []
125 []
126 []
127 []
128 []
129 [12]
130 []
131 [ 9 12]
132 [12]
133 [19]
134 [19]
135 [19]
136 [19]
137 [19]
138 [19]
139 [19]
140 [19]
141 [19]
142 [19]
143 [19]
144 [19]
145 [19]
146 [19]
147 []
148 []
149 []
150 []
151 []
152 []
