0 []
1 [21]
2 [21]
3 []
4 []
5 []
6 []
7 [21]
8 [21]
9 []
10 []
11 [21  3]
12 []
13 [3]
14 []
15 [9]
16 []
17 [19]
18 []
19 []
20 []
21 []
22 []
23 [3]
24 [3]
25 [17  3]
26 []
27 [17]
28 []
29 []
30 []
31 [17]
32 [17]
33 [17]
34 [17]
35 []
36 [17]
37 []
38 []
39 [15]
40 [15 19]
41 []
42 []
43 []
44 []
45 [17]
46 []
47 []
48 []
49 [21]
50 []
51 []
52 [3]
53 [3]
54 []
55 []
56 [17]
57 [17]
58 []
59 []
60 [19]
61 [19]
62 [19]
63 []
64 [3]
65 []
66 [17]
67 [19]
68 [19]
69 []
70 []
71 [15 19]
72 []
73 [19]
74 []
75 [17]
76 [17]
77 [17]
78 []
79 []
80 [ 3 17]
81 []
82 []
83 []
84 []
85 []
86 []
87 [19]
88 []
89 []
90 [17]
91 []
92 [15]
93 []
94 [17]
95 [17]
96 []
97 []
98 []
99 []
100 []
101 []
102 [17]
103 []
104 []
105 [19]
106 [19]
107 [19]
108 [19]
109 [19]
110 [19]
111 []
112 [3 1]
113 [3]
114 [3]
115 [3]
116 []
117 [19]
118 [19]
119 [19]
120 []
121 []
122 [17]
123 [1]
124 []
125 [1]
126 []
127 [1]
128 [17  3]
129 [1]
130 [17 19]
131 [17 19]
132 [19]
133 [3]
134 [19  1]
135 [17]
136 []
137 [17 19]
138 [17 19]
139 [19]
140 [1]
141 [19]
142 []
143 [ 1 19]
144 []
145 [1]
146 [19]
147 [19]
148 [19]
149 [19]
150 [19]
151 []
152 [17]
153 [3]
154 [3]
155 [ 3 17]
156 [3]
157 [3]
158 [3]
159 [3]
160 [27]
161 []
162 []
163 []
164 [21]
165 [11]
166 []
167 [11]
168 []
169 []
170 []
