0 [14 12]
1 [14]
2 [14]
3 [14]
4 [19 14]
5 [19 14]
6 []
7 []
8 [19]
9 [6 7]
10 [19]
11 [6 7]
12 [9]
13 [9]
14 [19]
15 [19  6]
16 [19  6]
17 [19  6  7]
18 [ 6 19  4]
19 [6]
20 [6]
21 [19  6  7  4]
22 [19  6]
23 [ 6 21 19]
24 [ 6 19]
25 [19  6  4]
26 [6 7 4]
27 [ 6 19]
28 [ 6 19  4]
29 [ 6 19]
30 [6]
31 [ 6 19]
32 [6]
33 [ 6 19]
34 [6]
35 [7]
36 [6 7]
37 [6 7]
38 [6]
39 []
40 []
41 []
42 [14]
43 [14]
44 []
45 []
46 []
47 []
48 [6]
49 [19  6]
50 [14]
51 [14]
52 []
53 [ 6 19]
54 [19  6  7]
55 [6 7]
56 [6]
57 [6]
58 [6]
59 [6]
60 [6]
61 [7 6]
62 [12]
63 []
64 [19]
65 [19 21 14]
66 [19  6]
67 [ 6 21 19 14  7]
68 [ 6 14]
69 [14 19  9]
70 [ 6 14]
71 [ 6 14]
72 [14  6]
73 [14  6]
74 [14  6]
75 [ 6 14]
76 [ 9  6 22]
77 [21 19]
78 [19  6]
79 [14]
80 [14 19]
81 [19 14 21]
82 [14  9  4]
83 [19 14  9]
84 [19 14  4]
85 [14 19]
86 [19 14  6]
87 [14]
