0 []
1 []
2 []
3 []
4 []
5 [1]
6 []
7 []
8 []
9 [19]
10 []
11 [1]
12 [27]
13 []
14 [19]
15 [21 21]
16 [21 19]
17 [21]
18 [21]
19 [21 19]
20 [21]
21 [21]
22 []
23 [12 12 19]
24 [12 12]
25 [ 9 12 19]
26 [19  9]
27 [19 12 12]
28 [19 12]
29 [19 12]
30 [19 12]
31 [19 12]
32 [19 12]
33 [19 12]
34 [19 12]
35 [19 12]
36 [19 12]
37 [19 12]
38 [19 12]
39 [19 12]
40 [19 12]
41 [19]
42 [19 12]
43 [19 12]
44 [19 12]
45 [19  9 12]
46 [19 12]
47 [19 12]
48 [19 12]
49 [19 12]
50 [19]
51 [19 12]
52 [19 12]
53 [19 12]
54 [12  3]
55 []
56 []
57 []
58 []
59 []
60 []
61 []
62 []
63 [12]
64 [12]
65 []
66 []
67 [12]
68 []
69 [12]
70 [12]
71 []
72 [12]
