0 [21 19  3 19]
1 [19 21  3 19 19]
2 [19 19  3 21 19 25]
3 [19 21 19  3]
4 [19 21  3 19]
5 [21 19  3 19 19 21]
6 [19  3]
7 [ 3 21 19 19 17]
8 [19 21  3 19 19 19]
9 [19  3 21 19]
10 [ 3 19]
11 [19  3]
12 [19  3 21 21 22 22]
13 [19  3 21 26]
14 [19  3]
15 [19 23  3 21]
16 [19 23  3 26 19]
17 [19  3 21 26 22]
18 [23  3 19 23 21]
19 [19  3 23 21 22]
20 [23  3 19 19 22 21 20]
21 [23 19 19  3 21 23]
22 [19 23  3 19 21 19]
23 [ 3 19 21 23 19]
24 [19 19  3 21]
25 [ 3 19 21 19 21]
26 [19 19 21 21  3 19 23]
27 [19  3 19 19 21 21 17]
28 [19 20  3 23 20 19 21]
29 [20 19  3 23 21 19 21 20]
30 [19 19 20  3 20 17 37 19 21]
31 [19  3 20 20 19 21 26]
32 [ 3 19 20 20 19 19]
33 [19  3 20 19 20]
34 [19 19  3 20 19 20 21]
35 [ 3 19 19 20 20]
36 [19  3 19 20 19 21 19 19]
37 [19  3 20 19 20 19]
38 [ 3 19]
39 [19 19 21  3 21 21 19]
40 [19 19  3 21 19 37]
41 [ 3 19 21 19]
42 [19  3 19]
43 [ 3 19 21]
44 [19  3 21 19 17 17 21]
45 [19 21 19  3]
46 [19 19 19 21  3 37 17 21 20 19]
47 [21  3 19 19]
48 [19  3 21 19 21]
49 [19 19 21  3]
50 [ 3 21]
51 [19 19  3]
52 [19  3 20 20 19]
53 [19  3 19]
54 [19  3]
55 [19  3]
56 [ 3 19]
57 [3]
58 [ 3 19]
59 [19  3 19]
60 [19 19 19  3]
61 [19  3 19]
62 [ 3 19]
63 [3]
64 []
65 []
66 []
67 []
68 [7]
69 []
70 []
71 []
72 [22]
73 [3]
74 []
75 []
76 [19 21 21]
77 [21 19]
78 []
79 []
80 []
81 []
82 []
83 []
84 []
85 []
86 []
87 [19]
88 [19 22 19]
89 [19 22]
90 [19 22]
91 [19]
92 [19 19 22 21]
93 [19 19 22]
94 [19 19]
95 [19 19 21]
96 [19  1]
97 [19]
98 [19]
99 [19]
100 [19]
101 [19]
102 []
103 []
104 []
105 []
106 []
107 []
108 [1]
109 [3]
110 [3]
111 [19  3]
112 []
113 [19  3 19  1]
114 [19 19  3]
115 [19  3]
116 [19  3]
117 [19  3]
118 [19]
119 [3]
120 []
121 []
122 [19  3]
123 [3]
124 [19  3 21]
125 [ 3 19]
126 [3]
127 [19 19]
128 []
129 [21]
130 [22]
131 [11]
132 [21 11 22]
133 [22]
134 [11]
135 []
136 [3]
137 [19 21]
138 []
139 [19]
140 [19]
141 [19 19  3]
142 []
143 []
144 [19]
145 []
146 [37]
147 []
148 [2 1]
149 [2]
150 []
151 []
152 [15]
153 [2]
154 [2]
155 []
156 []
157 [19]
158 [19 19 19  3]
159 [19 19 19 19]
160 [19 19 19 19 19  3 17]
161 [19 19  3 19 19]
162 [19 19 19 19  3 19]
163 [19 19  3 19]
164 [19 19 19  3]
165 [19 19  3  4]
166 [19 19 19  3  9  1]
167 [ 3 19]
168 [19 19 19 23]
169 [19 19  3 19 32]
170 [19 19  3]
171 [19  3 19 19]
172 [19 19  3]
173 [19 19 19]
174 [19  3]
175 [19 19 19 19 26  3 21]
176 [19  3]
177 [19  3 20 19]
178 [19  3]
179 [3]
180 [3]
181 [3]
182 [3]
183 [ 3 19]
184 [ 3 19]
185 [19 19  3]
186 [19 19  3]
187 [19  3 19  2 19]
188 []
189 [19 19]
190 []
191 [3]
192 [3]
193 [ 3 19 22]
194 [3]
195 [19  3]
196 []
197 []
198 []
199 []
200 [21]
201 [21]
202 []
203 []
204 []
205 []
206 [21]
207 []
208 [19]
209 [21]
210 []
211 []
212 [21]
213 [21]
214 []
215 [19 21]
216 [21]
217 [21]
218 [21]
219 [38]
220 []
221 []
222 []
223 []
224 [19]
225 [38]
226 [19 38]
227 []
228 []
229 []
230 []
231 []
232 [19 19  3]
233 [19]
234 [19  3]
235 [19 19  3]
236 [19 19 21 19  1]
237 [19 19]
238 [19 19  3]
239 [19 19 19]
240 [19  3 19 19]
241 [19  3 19]
242 [ 3 19 19]
243 [3]
244 [19  3 19]
245 [ 3 19]
246 [3]
247 [22]
248 [3]
249 [3]
250 [3]
251 [3]
252 [22]
253 []
254 []
255 [3]
256 []
257 []
258 [3]
