0 [19  7]
1 [19]
2 [19]
3 [19]
4 [19]
5 [38 19 38]
6 [38 19]
7 [38 19]
8 [19 38 38]
9 [19]
10 [19]
11 [19]
12 [19]
13 [19]
14 [19]
15 [19]
16 [19 38]
17 [19]
18 [19]
19 [19]
20 [19]
21 [19 38 38]
22 [19 38]
23 [19 38 38 38]
24 [19 38 38]
25 [19 38]
26 [19 38 38 38]
27 [38 19]
28 [19 38 38 38]
29 [19 38]
30 [19 38]
31 [19 38 38]
32 [19 38 38]
33 [38 38 38  1]
34 [19 38]
35 [38 38 19]
36 [38 19 38 38]
37 [19 38 38 38]
38 [19 38 38]
39 [19 38 38]
40 [19 38 38]
41 [19 38 38 38]
42 [38 19 38]
43 [38 38 19]
44 [38 19 38 38]
45 [38 19 38]
46 [19 38 38 38]
47 [38]
48 [38]
49 [38]
50 [38]
51 [38]
52 []
53 []
54 []
55 []
56 [19]
57 [19]
58 [19]
59 [19]
60 [38 19 38]
61 [38 19 38]
62 [38 19 38]
63 [38 19 38]
64 [38 19 38 38]
65 [38 19 38]
66 [38 19 38]
67 [38 19 38]
68 [38 19 38]
69 [38 19 38 38]
70 [19]
71 [19]
72 []
73 [10]
74 []
75 [8]
76 [19]
77 [19]
78 [19]
79 [19]
80 [19]
81 [19]
82 [19]
83 [19]
84 [19]
85 [19]
86 []
87 []
88 []
89 []
90 []
91 [36]
92 []
93 [19]
94 [19]
95 [19]
96 [19]
97 [19]
98 [5]
99 []
100 []
101 []
102 []
103 [16]
104 []
105 []
106 []
107 []
108 [19 38]
109 [38 19]
110 [38 19]
111 [38 19]
112 [19 38 38]
113 [19 38]
114 []
115 []
116 []
117 [19]
118 [19]
119 [19]
120 [19]
121 [19]
122 [19]
123 [19]
124 []
125 []
126 []
127 []
128 [6]
129 [6]
130 [6]
131 [6]
132 [6]
133 []
134 []
135 []
136 []
137 []
138 []
139 []
140 []
141 []
142 []
143 []
144 []
145 []
146 []
147 [10]
148 []
149 [10]
150 []
151 []
152 []
153 []
154 []
155 []
156 []
157 []
158 []
159 []
160 [19]
161 []
162 []
163 [19]
164 [19]
165 [19]
166 [19]
167 [19]
168 [19]
169 [19]
170 []
171 [38 19]
172 [38 19]
173 [38 19 38]
174 [38 19 38]
175 [38 19]
176 [38 19 38]
177 [38 19]
178 [38]
179 [38]
180 [38]
181 [38]
182 [38]
183 [38]
184 []
185 []
186 []
187 []
188 []
189 []
