0 []
1 [19]
2 [19]
3 [19]
4 [19]
5 [19]
6 [19  2]
7 [19]
8 [19]
9 [19]
10 [19]
11 [19  2]
12 [19  2]
13 [19]
14 [19]
15 [19]
16 [19]
17 [19]
18 [19]
19 []
20 []
21 []
22 []
23 []
24 []
25 []
26 []
27 []
28 []
29 []
30 [31]
31 []
32 []
33 [19]
34 [19]
35 [19]
36 [19]
37 [19]
38 [19]
39 [19 19 37]
40 [19 37 19  2]
41 [19 19 37 19]
42 [19 19 37 19]
43 [19 19 37 19 37 37]
44 [19 19 37 19 37]
45 [19 19 37 37 19 21]
46 [19]
47 [19]
48 [19]
49 [19]
50 [19]
51 [19]
52 [19  2]
53 [19  2]
54 [19]
55 []
56 []
57 [9]
58 []
59 []
60 []
61 []
62 []
63 []
64 []
65 []
66 []
67 [19]
68 [ 9 19]
69 [19 19  4]
70 [ 9 12  9]
71 [19]
72 [19]
73 [19]
74 [19]
75 [19  2]
76 [19  2]
77 [19]
78 [19  2]
79 [19]
80 [19]
81 [19]
82 [19]
83 [19]
84 [19]
85 []
86 [3]
87 []
88 []
89 [19]
90 [19]
91 []
92 [19]
93 [19]
94 [19]
95 [19]
96 [19]
97 [19]
98 [19  6]
99 [19  6]
100 [19  6]
101 [19  6]
102 [19]
103 []
104 []
105 []
106 [2]
107 [19]
108 [19]
109 [19]
110 [19]
111 [19]
112 [2]
113 [19  2]
114 [19  2]
115 [19  2]
116 [19  2]
117 [19  2]
118 [19  2]
119 [19  2]
120 [19]
121 [19]
122 [19]
123 [19  2]
124 [19  2]
125 [19]
126 [19  2]
127 [19  2]
128 [19]
129 [19  2]
130 [19]
131 [19]
132 [19]
133 [19]
134 [19  2]
135 [12]
136 [12]
137 [19]
138 [19]
139 [19 37]
140 [19 37 37]
141 [19]
142 [19]
143 []
144 []
145 []
146 []
147 [19]
148 [19]
149 [19]
150 [19]
151 []
152 []
153 [19  2]
154 [19]
155 [19]
156 [19]
157 [19]
158 [19]
159 [19]
160 [19]
161 [19]
162 [15]
163 []
164 []
165 []
166 []
167 []
168 []
169 [15]
170 []
171 []
