0 [13]
1 [13]
2 [28 13]
3 [13 28]
4 [13 28]
5 [19 38 28]
6 [19 28 38 13]
7 [19 28 38]
8 [19 28 13 38]
9 [28 19 13]
10 [19 28 38 13]
11 [19 28 13]
12 [19 28 13]
13 [19 28 13]
14 [19 28]
15 [19 28 13 38]
16 [19 28 13 38]
17 [19 28 38]
18 [28 19 38 13]
19 [38 28 19 13]
20 [19 28 13]
21 [38 19 28 13]
22 [19 13 37 28]
23 [19 19 37]
24 [19 19 37]
25 [19 19 37 13]
26 [19 19 37 13]
27 [19 19 37 13]
28 [19 19 37]
29 [19 19 37 13]
30 [19 19 37 13 26]
31 [19 19 37 13]
32 [19 19 37]
33 [19 19 37 13]
34 [19 19 37 13]
35 [19 19]
36 [19 19 13]
37 [19 19 13]
38 [19 19 13]
39 [19 19 13]
40 [19 19 13]
41 [19]
42 [19]
43 []
44 [ 3 19]
45 [ 3 19]
46 [19 13  9]
47 [19 13]
48 [19 13]
49 [19 13]
50 [19 19]
51 [13 15]
52 [13]
53 [19 13]
54 [19 19 12 13]
55 [19 12 13]
56 [13]
57 [19 19 13]
58 [19 13]
59 [13]
60 [19]
61 [19]
62 [19]
63 [15]
64 [15 17]
65 [17]
66 [17 15]
67 [17]
68 [17 15]
69 []
70 []
71 [19]
72 [19]
73 [19]
74 [19]
75 [19]
76 [19]
77 [19 13]
78 [19]
79 [19]
80 [19]
81 [19]
82 [19]
83 [19]
84 [19]
85 [19]
86 [19]
87 [19]
88 [19]
89 [19]
90 [19 13]
91 [19 13]
92 [19 13]
93 [19 13]
94 [19 13]
95 [19 13]
96 [13]
97 [13]
98 [13]
99 [13]
100 [19 13]
101 [19 13]
102 [19]
103 [19 13]
104 [2]
105 [2]
106 [19]
107 [19]
108 []
109 []
110 []
111 [19 19]
112 [19 19]
113 []
114 [19 13]
115 [19 13]
116 [13 19]
117 [13]
118 [19 13]
119 [19 13]
120 [19 13]
121 [13]
122 [13]
123 [19 13]
124 [13 19]
125 [11]
126 [13  9]
127 [19 13]
128 [19 13]
129 [15 19]
130 [15 19]
131 [19 13 19]
132 [19 19]
133 [15 19]
134 []
135 [15]
136 [19]
137 [19]
138 [ 9 19]
139 [19 19 13  4 15 37]
140 [19 19  4 15]
141 [19 19  4 13]
142 [19 19  4]
143 [19  4 19]
144 [19 19]
145 [19 19]
146 [19 19 13]
147 [19 19 13]
148 [19 19]
149 [19 19 13]
150 [19 19]
151 [19 19]
152 [19 19 13]
153 [19 19 13]
154 [19 19 13]
155 [19 19 13]
156 [19 19 13  4]
157 [ 2 13]
158 [13 19  1]
159 [19 13]
160 [19 13]
161 [18]
162 [18]
163 []
164 [18]
165 [18]
166 [18]
167 [18]
168 [19 13]
169 [19 13 18 17  9]
170 [18 19 13 15]
171 [13  2 18]
172 [19]
173 [19]
174 [19]
175 [19 18 13]
176 [19 13]
177 [19 18 13]
178 [19 13 18]
179 [19 13]
180 [19]
181 [19]
182 [19]
183 [19]
184 [19 19  1  1 15]
185 [19 19 13]
186 [19 19 13]
187 [13]
188 [13]
189 [13]
190 [13]
191 [13]
192 [19 19 13]
193 [19 19]
194 [19 19]
195 [19 19]
196 [19 19 13]
197 [19]
198 [19]
199 [19]
200 [28]
201 [28]
202 [28]
203 [28]
204 [28]
