0 [6 6]
1 [6 6]
2 [6]
3 [6 6]
4 [6 6]
5 [ 6  6 19  7]
6 [6 6]
7 [6]
8 [6]
9 [ 6  6 19]
10 [6 6]
11 [6]
12 [6]
13 [6 6]
14 [ 6  6 19]
15 [6]
16 [19  6]
17 [19 19]
18 [19  6]
19 [19  6]
20 [19  6]
21 [19  6]
22 [6]
23 [ 6 19 14]
24 [6]
25 [19  6 19]
26 [6]
27 []
28 [6]
29 [6]
30 [ 6 19 19]
31 [ 6 19  6]
32 [6]
33 [ 6 19]
34 [6 6 9]
35 [19  6]
36 [19]
37 [6]
38 [ 6 19]
39 [6]
40 [6]
41 [6]
42 [ 6 19]
43 [6]
44 [6]
45 [6]
46 [6]
47 [6]
48 [6 6]
49 [6]
50 [6]
51 [6]
52 [6]
53 [6]
54 [6]
55 [6]
56 [6]
57 [ 6 19  4]
58 [ 6  4 19]
59 [6]
60 [6]
61 [6]
62 [6]
63 [6]
64 [14]
65 [6]
66 [ 6 19]
67 [6 7]
68 [6]
69 [6]
70 []
71 [19]
72 [19]
73 [19]
74 [19]
75 [19]
76 [14 19]
77 [19 14]
78 [14 19  9]
79 [19  6 14]
80 [19  6]
81 [6]
82 [6]
83 [4]
84 [9]
85 [6]
86 [6]
87 [6]
88 [4]
89 [ 6 19]
90 [6 7]
91 [19  6  6]
92 [19]
93 [19 19 14]
94 [14 19]
95 [19 14]
96 [14 19]
97 [14 19]
98 [19 14]
99 [14 19]
100 [19 14]
101 [19 14]
102 [14 19]
103 []
104 []
105 []
106 [14 19]
107 [14]
108 [15]
109 [14]
110 []
111 []
112 [19]
113 [19 14]
114 [19 14]
115 [19  6 14]
116 [19]
117 [19  6]
118 [19  6]
119 [19  6]
120 [6]
121 [19  6]
122 [14  6]
123 [14 19]
124 [14]
125 [14 19]
126 [14 19]
127 [14 19]
128 [14]
129 [14]
130 [6 6]
131 [6 6]
132 [6 6]
133 [6 6]
134 [19  6]
135 [19  6]
136 [6]
137 [19]
138 [19]
139 [ 9 19]
140 [6]
141 [6]
142 [6]
143 [14]
144 [6]
145 [6]
146 [6]
147 [7]
148 []
149 []
150 []
151 [7]
152 []
153 [7 6]
154 [6]
155 []
156 [6 8 7]
157 [7]
158 [6]
159 [8]
160 []
161 [6]
162 [6]
163 [6 6 7]
164 [6 6]
165 [ 6  6 19]
166 [19 19]
167 [19 19]
168 [4]
169 [14]
170 [19  9  9]
171 [19 34]
172 [19]
173 []
174 [ 9 19]
175 []
176 []
177 []
178 []
179 []
180 []
181 []
182 [19 19]
183 [19]
184 []
185 [19]
186 [19]
187 [10 19]
188 [ 6 19]
189 [19]
190 [19]
191 []
192 [19 19  7]
193 []
194 []
195 [19  9]
196 [19]
197 [19]
198 [19  6]
199 [19  6]
200 [19  6]
201 [19]
202 [6]
203 [6]
204 [19  7  9]
205 [9]
206 [9]
207 [ 9 19]
208 [6]
209 [6]
210 []
211 [19 21  6]
212 [21  9 19]
213 [21  6]
214 [6 9]
215 [19]
216 [19]
217 [ 6 19]
218 [19  6]
219 [9]
220 [6]
221 [ 6 19]
222 [6 6]
223 [6 6]
224 [6 6]
225 [6 6]
226 []
227 [6 6]
228 [ 6 19]
229 [ 6 19  6]
230 [ 6 19  6]
231 [6 6]
232 [6 6]
233 [6]
234 [6 6]
235 [6 6]
236 [6 6]
237 [6]
238 [6 6]
239 [6 6]
240 [6 6]
241 [6 6 4]
242 [6 6]
243 [ 6  6 19]
244 [6]
245 [6 6]
246 [6]
247 [6]
248 [6 6]
249 [6 6]
250 [6]
251 [14]
252 [19 14]
253 [6 6]
254 [ 6  6 19]
255 [ 6  6 19]
256 [ 6 19  6]
257 [19 14  6]
258 [19  6 14]
259 [7]
260 [19 18  7]
261 [ 8 16]
262 [7 8]
263 []
264 [6]
265 [6 6]
266 [ 6  6 14]
267 [ 6  6 14]
268 [ 6  6 14]
269 [6 6]
270 [6 6]
271 []
272 [19]
273 [19]
274 [19 14]
275 [19  6]
276 [19  6  6]
277 [19]
278 [19 14]
279 [19]
280 [19]
281 [19 14]
282 [19  6]
283 [19  6]
284 [6 6]
285 [ 6  6 14]
