0 [19 17]
1 [12]
2 [17 12]
3 [17 17 12]
4 [17 12]
5 [17 12]
6 [17 12]
7 []
8 []
9 []
10 []
11 [19 17 12]
12 [17]
13 [12]
14 []
15 [17  3]
16 [17 17  3]
17 [17  3]
18 [17  3]
19 [17  3 17 17]
20 [17 17  3]
21 [17 12  3]
22 [ 3 12]
23 []
24 []
25 []
26 []
27 []
28 [3]
29 []
30 [3]
31 [3]
32 [3]
33 []
34 [3]
35 [17]
36 []
37 [12]
38 [12]
39 [3]
40 [17  3 17]
41 [19  3]
42 [ 3 17]
43 [3]
44 [19  3]
45 [ 3 17]
46 [19 17 19]
47 [19]
48 [19]
49 [ 3 17  1]
50 [ 3 19]
51 [ 3 19]
52 [19  3]
53 [19  3]
54 [3]
55 []
56 [ 3 19]
57 [ 3 19]
58 [ 3 19]
59 [17  3 19]
60 [3]
61 [3]
62 [19  3]
63 [19  3]
64 [19  3 12]
