0 [3]
1 [3]
2 [3]
3 [3]
4 [3]
5 [3]
6 [3]
7 [3]
8 [3]
9 [3]
10 [3]
11 [3]
12 [3]
13 [3]
14 [3]
15 [3]
16 []
17 []
18 []
19 [3]
20 [19  3 17]
21 [ 3 19]
22 [19  3]
23 [ 3 19 17]
24 [19  3]
25 [ 3 19  1]
26 [ 3 17]
27 [3]
28 [3 1]
29 [3]
30 [3]
31 [3]
32 [3]
33 [3]
34 [ 3 19]
35 [ 3 19]
36 [ 3 19 17]
37 [3]
38 [3]
39 [3]
40 [19  3]
41 [19  3]
42 [17 19  3]
43 [19 17  3]
44 [17 19  3]
45 [17 19  3]
46 [19  3 17]
47 [19  3]
48 [19  3]
49 [19  3 36]
50 [17 19]
51 [17 19]
52 [19  3]
53 [17 19  3]
54 [19]
55 [19  1  3]
56 [19]
57 [19  3]
58 [19  3]
59 [19  3]
60 [19  3]
61 [19]
62 []
63 [17  3]
64 [ 3 19]
65 [19  3  1]
66 [19  3]
67 [19 17]
68 [17 19  1]
69 [17  3  1]
70 [ 1  3 19 17]
71 [17  3 19  1]
72 [3]
73 [3]
74 [3]
75 [17  3]
76 [17  3]
77 [19]
78 [17  3]
79 [3]
80 [ 3 17  1]
81 [3]
82 [ 3 17]
83 [3]
84 [3]
85 [19  3]
86 [17 17 19  3]
87 [19  3]
88 [19]
89 [19]
90 [ 9  3 19]
91 [19]
92 [19]
93 [19 34]
94 [19  1 34]
95 [19]
96 [19]
97 [19 17 19]
98 [19  3 17]
99 [3]
100 [3]
101 [17  3]
102 [17  1]
103 [ 3 19]
104 [19  3]
105 [3 1]
106 []
107 []
108 []
109 []
110 [17]
111 [3]
112 []
113 []
114 []
115 [21]
116 [19]
117 [17]
118 [13]
119 []
120 []
121 []
122 []
123 [17]
124 []
125 [3]
126 []
127 []
128 []
129 []
130 [3]
131 [17]
132 [17]
133 [17]
134 []
135 []
136 []
137 [3]
138 [ 3 19]
139 [ 3 19]
140 [3]
141 [19  3]
142 [17 19  3]
143 [19 17  3]
144 [19  3]
145 [19]
146 [19]
147 []
148 []
149 [19]
150 [19]
151 [19]
152 []
153 []
154 []
155 []
156 [19  3]
157 [19  3]
158 [19  3 17]
159 [19  3]
160 [19  3]
161 [19  3 17]
162 [19  3 17]
163 [19  3 17]
164 [17  3 19]
165 []
166 [ 1 19 36]
167 [19 36]
168 [36]
169 [36]
170 [36 17]
171 [17]
172 [17 17]
173 [17 19]
174 [17 19]
175 [17 19]
176 [19 17]
177 [17 19]
178 [19 17  3 17]
179 [19 17 17  3]
180 [ 3 17 19]
181 [19  3 17]
182 [17 17  3 36]
183 [ 3 17 19 17 36]
184 [17 17  3 19]
185 [17  3 19]
186 [19  1  3]
187 [17 19  3]
188 [17  3]
189 [ 1 17]
190 [17]
191 [17  3 17]
192 [17]
193 [17]
194 [17  3]
195 [17]
196 [ 3 19]
197 [17  3]
198 [17  3 19 17]
199 [17  3 19]
200 [17  3 17 19]
201 [17 17  3 19  1]
202 [17 17  3]
203 [ 3 17 17]
204 [17  3 19 17]
205 [19  1 17  3]
206 [17  3]
207 [17  3 19]
208 [19  1  3 17]
209 [19  3 17]
210 [17  3 17]
211 [ 3 17 17 19 17 17  1 17 36]
212 [17  1  3]
213 [19  3 17 17 36]
214 [17  3 17 19]
215 [17  3 17  1 19]
216 [ 3 19]
217 [ 3 19  1]
218 [19 17  3  1 17]
219 [ 1 17 17 19  3 17]
220 [19 17 17  3]
221 [17  9]
222 [17 19  1]
223 []
224 [19 19]
225 [19 19 17  3]
226 [ 3 17]
227 [19  3]
228 [17]
229 [19 17]
230 [ 3 17 19]
231 [3 1]
232 [ 3 19  1]
233 [ 1  3 19]
234 [19 17  3]
235 [ 3  1 19]
236 [ 3 19]
237 [ 3 19]
238 [19  1]
239 [19  3  1]
240 [19  1]
241 [19]
242 [19  3]
243 [19  3 17]
244 [19  3]
245 [19]
246 [19]
247 [19  1]
248 [19  1  3]
249 [19  3 17]
250 []
251 [3]
252 [3]
253 [19  3]
254 [19]
255 [17  3]
256 [3]
257 []
258 []
259 [3]
260 [21  3]
261 [ 3 21]
262 [3]
263 [3]
264 []
265 []
266 [21  3]
267 [3]
268 [3]
269 [3 1]
270 [3]
271 [3]
272 [3]
273 [3]
274 [3]
275 [3]
276 [3]
277 [17]
278 []
279 []
280 [3]
