0 [19 21]
1 [19]
2 [19 19]
3 [19]
4 [19]
5 []
6 [ 9 10]
7 []
8 []
9 []
10 []
11 []
12 []
13 []
14 []
15 [21]
16 [19]
17 [ 8 19]
18 []
19 []
20 []
21 []
22 []
23 []
24 []
25 []
26 []
27 [11]
28 []
29 [19]
30 [14]
31 []
32 []
33 []
34 []
35 []
36 []
37 []
38 []
39 [21  4]
40 [21]
41 [21  9]
42 [ 4 21]
43 [21]
44 [21 14 19]
45 []
46 [ 6 21]
47 [6]
48 [19 19]
49 [ 6 19]
50 [19 14 28]
51 [19 14]
52 [21 19 21 14]
53 [21 21 21 14 19]
54 [21 21 14 21]
55 [21 21]
56 [21 21 14 21 19]
57 [21 14]
58 [21 14 21]
59 [14 21]
60 [11 14]
61 [11]
62 [21]
63 [21  9]
64 [21  6]
65 [ 9 21]
66 [21  9 21]
67 [21 19  4]
68 [21  6 21]
69 [21  6]
70 [21  6]
71 [21 19  6]
72 [21  6 19]
73 [21  6]
74 [21 21]
75 [21 21]
76 [21]
77 [21]
78 [21 11]
79 [21]
80 [21  9 16]
81 [19 11]
82 [19  4]
83 [21 19 16]
84 [21 19  6]
85 []
86 [19 11]
87 [21 19 11]
88 [19 19]
89 [21 19]
90 [11 19]
91 [21 19]
92 [19 19 21]
93 [21 11]
94 [11]
95 [19]
96 [21 21 21]
97 [21 21 21]
98 [21 21 21]
99 [21 21 19 21]
100 [21 21 21]
101 [21 19 21 21]
102 [21 21  9 21]
103 [19 21]
104 [19]
105 [11]
106 [21 11]
107 [21]
108 [21]
109 [21]
110 [21]
111 [11]
112 [19 21]
113 [19]
114 [19 19]
115 [19]
116 []
117 [9]
118 [ 9 21]
119 []
120 [19 21]
121 []
122 []
123 []
124 [21 21]
125 [21]
126 [21 21]
127 [21]
128 [6]
129 [11]
130 [11]
131 [11]
132 [21]
133 [21 21 21]
134 [21 21 21]
135 []
136 []
137 []
138 [21]
139 [21 21]
140 [21]
141 [11]
142 [21]
143 [21]
144 []
145 []
146 [14 21]
147 []
148 []
149 [21]
150 [14 21]
151 [19]
152 [14  6]
153 []
154 [28]
155 [28]
156 []
157 [14 21]
