0 [19]
1 [19]
2 [19]
3 [19]
4 [19]
5 [19]
6 []
7 []
8 []
9 []
10 []
11 []
12 []
13 []
14 []
15 []
16 [19 19 19]
17 []
18 []
19 []
20 []
21 [19  4]
22 [19]
23 []
24 [19 19]
25 [19]
26 [19  4]
27 [19]
28 [19]
29 [19 19 19 19]
30 [19]
31 [19]
32 []
33 [19]
34 [19]
35 [4]
36 [19]
37 [19]
38 [19 19]
39 [19]
40 [19]
41 [19]
42 [19  4]
43 [19  4]
44 [5]
45 [5]
46 []
47 [5]
48 [5]
49 [5]
50 [19  5]
51 [5]
52 [9]
53 [5]
54 [19  5]
55 [5]
56 [5]
57 [19  5]
58 [5]
59 [19  5]
60 [19  5]
61 [5]
62 [5]
63 [5]
64 [5]
65 [5]
66 [21]
67 [19]
68 [19]
69 [19]
70 [19]
71 [19]
72 [12]
73 [10]
74 [19]
75 []
76 [19 12]
77 [12]
78 [12]
79 [12]
80 []
81 [19 12]
82 [12]
83 []
84 []
85 []
86 []
87 []
88 []
89 []
90 []
91 []
92 []
93 []
94 []
95 [9 6]
96 []
97 []
98 [10]
99 []
100 []
101 [10]
102 [10]
103 [10]
104 [10]
105 [19  9 10]
106 []
107 [10]
108 [21]
109 []
110 [19]
111 [21 10]
112 [21 19]
113 [21]
114 []
115 [10]
116 [19 21]
117 [19 21]
118 []
119 [11  6]
120 [11]
121 [11]
122 [11]
123 []
124 []
125 []
126 []
127 []
128 [12]
129 [12]
130 [12]
131 []
132 []
133 []
134 []
135 []
136 []
137 []
138 []
139 [ 9 17]
140 []
141 []
142 []
143 []
144 []
145 []
146 [19 12]
147 [12]
148 []
149 []
150 [9 6]
151 [6]
152 [6 9]
153 [9 6]
154 []
155 []
156 []
157 []
158 []
159 []
160 [6]
161 []
162 [6]
163 [12]
164 []
165 []
166 []
167 []
168 []
169 [6]
170 [19 19]
171 [19]
172 []
173 [7]
174 [ 9 17]
175 [9]
176 []
177 [9]
178 []
179 [6]
180 []
181 []
182 [6]
183 []
184 [6]
185 []
186 []
187 []
188 []
189 []
190 [10]
191 []
192 []
193 []
194 []
195 []
196 []
197 []
198 []
199 []
200 []
201 []
202 []
203 []
204 []
205 []
206 []
207 []
208 []
209 []
210 []
211 []
212 []
213 []
214 []
215 []
216 []
217 []
218 []
219 []
220 []
221 []
222 []
223 []
224 []
225 [38]
226 []
227 []
228 []
229 []
230 []
231 []
232 []
233 []
234 []
235 []
236 []
237 [38]
238 [38]
239 []
240 []
241 []
242 []
243 []
244 []
245 []
246 []
247 []
248 []
249 []
250 []
251 []
252 [5]
253 [12]
254 [12]
255 [12]
256 [12]
257 [12]
258 [12]
259 [12]
260 []
261 []
262 []
263 []
264 []
265 []
266 []
267 []
268 []
269 []
270 []
271 []
272 []
273 []
274 []
