0 []
1 []
2 []
3 []
4 [19 22 10 22]
5 [19 22 10 22]
6 [22 19 10 22]
7 [19 22 22 10]
8 [19 22 10 22]
9 [19 22 10 22]
10 [19 22 10 22]
11 [19 22 10 22]
12 [19 22 10 22]
13 [19 22 10 22]
14 [19 22 10 22]
15 [19 22 10 22]
16 [19 22 10 22]
17 [19 22 10 22]
18 [19 22 10 22]
19 [19 22 10 22]
20 [19 22 10 22]
21 [19 22 10 22]
22 [19 22 10 22]
23 [19 22 10 22]
24 [19 22 10 22]
25 [19 22 10 22]
26 [19 22 10 22]
27 [19 22 10 22]
28 [19 22 10 22]
29 []
30 [19 14]
31 [19]
32 [19 19]
33 [19]
34 [19 26]
35 [19]
36 [19]
37 [19  6]
38 [19]
39 [19]
40 [19]
41 [19]
42 [19]
43 [19 10]
44 [10 19]
45 [10]
46 [10]
47 [10]
48 [10]
49 [10]
50 [19]
51 [19]
52 [19 10]
53 [19]
54 [19]
55 [19]
56 [19]
57 [19]
58 [19 19]
59 [ 9 19 17]
60 [19]
61 [19  9]
62 [19]
63 [19]
64 [19 10]
65 [19 10]
66 [19]
67 [19]
68 [ 9 19]
69 [19]
70 [9]
71 [19  9]
72 [ 9 10]
73 [19 20]
74 [9 1]
75 [19]
76 [19]
77 [19 10]
78 [19]
79 [19]
80 [19]
81 [19]
82 [19]
83 [19  9]
84 [19]
85 [19]
86 [19]
87 [19]
88 [19]
89 [19  9]
90 [19]
91 [19]
92 [19  9]
93 [19]
94 [19]
95 [19]
96 [19]
97 [19]
98 [19]
99 [19  9]
100 [19]
101 [19]
102 [19]
103 [19  9]
104 [19  9]
105 [19]
106 [19  9]
107 [19]
108 [19]
109 [19  9  3]
110 [19 26]
111 [19]
112 [19]
113 [19]
114 [19]
115 [19]
116 [19]
117 [19]
118 []
119 []
120 [17]
121 []
122 [9]
123 []
124 []
125 [11]
126 []
127 []
128 []
129 []
130 []
131 []
132 []
133 []
134 []
135 [3]
136 []
137 [3]
138 [3]
139 [3]
140 [3]
141 [3]
142 []
143 []
144 []
