0 [ 9 19]
1 [9]
2 [9]
3 [ 9 12 21]
4 [ 9 12  9]
5 [ 9 19 12]
6 [9]
7 [9]
8 [9]
9 [9]
10 [19]
11 [9]
12 []
13 [9]
14 [9]
15 [9]
16 [1]
17 [9]
18 [9]
19 [17]
20 [9]
21 [9]
22 [9]
23 [9]
24 [9]
25 [ 9 19]
26 [ 9 19]
27 [9]
28 [ 9 12]
29 [ 9 21]
30 [9]
31 [9]
32 [ 9 21]
33 [9]
34 [9]
35 [9]
36 [9]
37 [9]
38 [9]
39 [9]
40 []
41 [9]
42 [9]
43 [19  9 12]
44 [ 9 19 19 12]
45 [19  9]
46 [19  9 12]
47 [19 19  9]
48 [19 19  9]
49 [19  9 19 19]
50 [19 19  9 19]
51 [19  9]
52 [19 19 12]
53 [19 12 19]
54 [19 19 12]
55 [19 19 12  9]
56 [19 12 21]
57 [19 19  9 12]
58 [19 19 19  9]
59 [19 19  9 19 19 21]
60 [19 19 19 19 38  9]
61 [19 19 19  9 21]
62 [19 19 19 21  9 21]
63 [19 19 19 21 19  9]
64 [19 19 19 19  9]
65 [19 19 19]
66 [19 19 19 21]
67 [19 19 19  9 21]
68 [19 19 19 21]
69 [19 19 19 21  9]
70 [19 19 19 19  9 21]
71 [19 19 19 21 19  9]
72 [19 19 19  9 19]
73 [19 19 19 19  9 21]
74 [19 19 19 21 19  9]
75 [19 19 19 19  9 21]
76 [19 19 19  9 21 19]
77 [19 19 19  9 21]
78 [19 19 19  9 32]
79 [19 19 19 21  9]
80 [19 19 19  9 21 21]
81 [19 19 19  9]
82 [19 19 19  9]
83 [19 19 19  9]
84 [19 19 19  9 21]
85 [19 19 19  9 38 21]
86 [19 19 19  9]
87 [19 19 19  9 22]
88 [19 19 19 34  9 21]
89 [19 19 19  9]
90 [19 19 19  9 21]
91 [19 19 19 21 21 32]
92 [19 19 19 21]
93 [19 19 19  9]
94 [ 3 12]
95 [ 9 19]
96 [19  9]
97 [ 9 19]
98 [19  9]
99 [19 12  9]
100 [19 12]
101 [19 19 19  9 21]
102 [19 19 19]
103 [19 19 19 19]
104 [19 19 19 19 21]
105 [19 19 19 19 21 35 32]
106 [19 19 19 21]
107 [19 19 19 21 22]
108 [19 19 19 21]
109 [19 19 19 22 21]
110 [19 19 19 21 32]
111 [19 19 19 21]
112 [19 19 19 21]
113 [19 19 19 21]
114 [19 19 19  9 21]
115 [19 19 19  9 21]
116 [19 19  9 19 21]
117 [19 19  9 19 21]
118 [19 19  9 19 21]
119 [19  9 19 19 21]
120 [19 19  9 19]
121 [19 19 19 34]
122 [19 19 19  9 34]
123 [19 19 19  9]
124 [19 19  9 19]
125 [19 19 19  9 21]
126 [19 19 19 34]
127 [19 19 19]
128 [19 21 19 19]
129 [19 19 21 19]
130 [19 19 21 19]
131 [19 19 19]
132 [19 19 19]
133 [19 19 19]
134 [19 19 19]
135 [19 19 19]
136 [19 19 19]
137 [19 19 19]
138 [19 19 19  9 21]
139 [19 19 19  9 21]
