0 [12]
1 [12]
2 [3]
3 []
4 [ 9 12]
5 [ 9 12]
6 [ 9 12]
7 [12]
8 [12  9]
9 [12 34]
10 [12 19]
11 [19 12]
12 [19 12]
13 [19 12]
14 [19 12]
15 [19 12]
16 [19 12  9]
17 [19 12]
18 [19 12  9]
19 [19 12]
20 [19  9 12]
21 [19 12]
22 [19 12  9]
23 [19 12]
24 [19 12]
25 [19 12]
26 [ 9 12 19]
27 [19 12]
28 [ 9 12 19]
29 [ 9 12]
30 [ 9 12 19]
31 [19 12  9]
32 [ 9 12 34]
33 [12  9 19]
34 [ 9 12]
35 [19  9]
36 [ 9 12]
37 [ 9 12]
38 [19  9]
39 [19  9]
40 [ 9 12]
41 [ 9 12]
42 [ 9 19]
43 [ 9 12]
44 [ 9 12 19]
45 [ 9 12  9]
46 [9]
47 [9]
48 [ 9 12]
49 [19]
50 [9]
51 [19]
52 []
53 [19]
54 [12 19]
55 [12]
56 []
57 [12]
58 []
59 [19 12]
60 [19 12]
61 [19]
62 [19]
63 [ 9 19]
64 [9]
65 [19]
66 [19  1]
67 [19  9]
68 [19]
69 [19  9]
70 [19]
71 [19]
72 [19]
73 [19]
74 [19 12  9]
75 [19 12]
76 [19 12]
77 [19]
78 [19 12]
79 [19]
80 [19]
81 [19]
82 [19]
83 [19]
84 [19]
85 [19]
86 [19 12]
87 [19 12]
88 [19]
89 [19]
90 [19]
91 [19  9]
92 [19  9]
93 [19]
94 [19 12]
95 [19 12]
96 [19 12]
97 [19]
98 [19]
99 [19]
100 [19  9 12]
101 [19]
102 [19]
103 [19]
104 [19]
105 [19]
106 [19]
107 [19]
108 [19]
109 [19]
110 [19]
111 [19]
112 [19]
113 [19]
114 [19]
115 [19  3]
116 [19  3]
117 [19  3]
118 [19  3]
119 [19]
120 [19]
121 [19  3]
