0 []
1 [19 19 21 34 10]
2 [21 19 19  9 22 21 26]
3 [19 21 19 22  9 10 34]
4 [21 19 19 10 34 34 26 21 22]
5 [21 19 19 10 22]
6 [21 19 19  9 10 21]
7 [ 9 10]
8 [ 9 10]
9 [ 9 19 10]
10 [ 9 10]
11 [ 9 17 10]
12 [19]
13 [19 10]
14 []
15 []
16 [ 9 10]
17 [ 9 19 10]
18 []
19 [21 19 10 12]
20 [ 4 19 19]
21 [ 4 10]
22 [ 4 10]
23 [ 9 10]
24 [19 21]
25 []
26 []
27 [19]
28 []
29 [ 9 19]
30 [ 9 19 26]
31 [ 9 19 19]
32 [9 9]
33 [ 4 21  4]
34 [4 9 9]
35 [ 9 10]
36 [9]
37 [ 9 10]
38 [9]
39 [ 9 10]
40 [ 9 19 10]
41 [ 9 10]
42 [ 9 10]
43 [9]
44 [19]
45 [19]
46 [19 17]
47 [5]
48 [5]
49 [ 5 19]
50 [5 9]
51 [12]
52 [10  3]
53 []
54 [21 19 19 10]
55 [19 19 26 19 10]
56 [19 19 19 19 19 26 10]
57 [19 19 19 19 19]
58 [19 19 19 10]
59 [19 19 19 10 19 26]
60 [19 19 10 21]
61 []
62 [ 9 19]
63 [19 10]
64 [19  9]
65 [9]
66 [9]
67 [9]
68 []
69 [16  9]
70 [12]
71 [10]
72 [12]
73 [10  9]
74 [17  9 19]
75 [19 37 19 10 10 12]
76 [19 19 37 19 19 19 10]
77 [19 19 37 12]
78 [19 19 19 19]
79 [19 19 10]
80 [19 10 19 19]
81 [19 19 19]
82 [19 19]
83 [19 19 19 10 19]
84 [19 19 19 19 19  9]
85 [19 19 19 19]
86 [19 19 19 19]
87 [19 19 19 19 10 19]
88 [19 19 19 19]
89 [19 19 19 19 19 19]
90 [19 19]
91 [19 19 19 19 10]
92 [19 19 10 19  9]
93 [19 19 19]
94 [19 19 19  7  9]
95 [31 19]
96 [19 19 19]
97 [19 19 19]
98 [19 19]
99 [19 19 11]
100 [ 6 19]
101 [19  6]
102 [11  6]
103 [11 19 19]
104 [21 19 11 11]
105 [21 11]
106 []
107 []
108 []
109 []
110 []
111 []
112 []
