0 [19 13 14]
1 [19 13]
2 [19 13 14]
3 [19 13 14]
4 [19 13 14]
5 [19 13 14]
6 [19 13 32]
7 [19 13]
8 [19 13]
9 [19 13]
10 [19 13]
11 [19 13 14 32]
12 [19 13 14]
13 [19 13 14]
14 [19 14 13]
15 [19 14 13]
16 [19 14 13]
17 [19 14 13]
18 [19 13 14 35 20]
19 [19 13 14]
20 [19 14 13 32]
21 [19 13 14]
22 [19 13 14]
23 [19 14 13]
24 [19 14 13 32]
25 [19 14 13]
26 [19 14]
27 [19 14]
28 [19 14 13 32]
29 [19 14 32 35]
30 [19 14 13]
31 [19 14 13]
32 [19 13 14]
33 [19 13 14  4]
34 [19 13 14]
35 [19 13]
36 [19 13]
37 [19 13]
38 [19 13]
39 [19 13]
40 [19 13]
41 [19 13  4]
42 [19 13]
43 [19 13]
44 [19 13]
45 [19 13]
46 [13 19]
47 [13 19]
48 [19 13]
49 [13]
50 [13 19]
51 [19 13]
52 [13 19]
53 [19 13]
54 [19 13]
55 [19 13]
56 [19 13]
57 [ 9 19]
58 [19 13]
59 [19 18 13]
60 [19 14]
61 [19]
62 [19 14]
63 [19 18 14]
64 [19 14]
65 [19 14]
66 [19 13]
67 [19 13]
68 [19 14]
69 [19 14]
70 [19 14]
71 [19 14]
72 [19 14]
73 [14 19]
74 [19 14]
75 [19 14]
76 [19 14 18]
77 [14 19]
78 [19 14]
79 [19 14]
80 [19 14]
81 [19 14]
82 [19 14]
83 [19 14]
84 [19 14]
85 [19 14  4]
86 [19 14]
87 [19 14]
88 [19 14]
89 [19 14]
90 [19 14]
91 [19 14]
