0 [19]
1 [19]
2 [19]
3 [9]
4 [19]
5 [19]
6 [19]
7 [19  4]
8 []
9 [19]
10 []
11 []
12 [ 9 19]
13 []
14 [ 4 19]
15 []
16 []
17 [19]
18 [19]
19 [19]
20 []
21 [19]
22 []
23 []
24 []
25 [9 4]
26 [19]
27 []
28 [19 14]
29 [19]
30 [19]
31 []
32 []
33 []
34 []
35 []
36 []
37 []
38 [12  3]
39 []
40 []
41 []
42 []
43 [7]
44 []
45 []
46 [ 6 19]
47 [ 6 19]
48 [19  6]
49 []
50 []
51 [19]
52 [19]
53 [19]
54 [6]
55 []
56 [19]
57 []
58 [19]
59 [19]
60 []
61 [19]
62 []
63 []
64 []
65 []
66 []
67 []
68 []
69 [14]
70 [9]
71 []
72 [ 9 10]
73 []
74 [9]
75 [9 2]
76 [19  3]
77 [3]
78 [3]
79 []
80 []
81 []
