0 [21 19  3]
1 [21 19  3]
2 [21 19  3]
3 [19]
4 [19]
5 [19]
6 [19]
7 [19]
8 [19 19]
9 [19 19]
10 [19 21]
11 []
12 [19]
13 [19 19 19 19]
14 [19]
15 [19 19]
16 [19]
17 [19 19]
18 []
19 []
20 [21]
21 [19]
22 []
23 [19 19 19]
24 [19 19 19  3]
25 [19 19 19 19  3]
26 [19 19 19 19  3]
27 [19 19]
28 [19 19]
29 [19 19]
30 [19 19 19  3 17]
31 [19 19 19  3 17]
32 [19 19 19 19]
33 [19 19 19]
34 [21 19]
35 [21 19]
36 [19 11 19 22]
37 [11 22]
38 [22]
39 []
40 [21]
41 [19]
42 [19]
43 [19 19 21 20]
44 [19 19 21 20]
45 [19 19]
46 [19 19]
47 [19  3 19 19]
48 [19  3 19 19]
49 [19  3 17 19  4]
50 [19  3 17]
51 [19 19  3 17]
52 [19 19  3]
53 [19]
54 [ 3 12]
55 [ 3 12]
56 [ 3 12]
57 [19 21]
58 [19 21]
59 []
60 []
61 []
62 [3]
63 [3]
64 [3]
65 [3]
66 [19]
67 [19]
68 [19]
69 [19]
70 [19]
71 [19]
72 [19]
73 [19  3 19]
74 [19  3 19]
75 [19  3 19]
76 [19 19  1]
77 [19 19  1]
78 [19 19  3]
79 [19 19  3]
80 [19]
81 [19]
82 [19]
83 [19 19 19 19 21]
84 [19 19 19 19 21 22]
85 []
86 []
87 []
88 []
89 []
90 []
91 [19]
92 [19]
93 [19]
94 [19]
95 []
