0 [17  3 19 17]
1 [19]
2 [19 17 17 34]
3 [17]
4 [19]
5 [17]
6 [ 3 21 19 17  9]
7 [ 3 17 19]
8 [17  3 19]
9 [19  3]
10 [ 3 19]
11 [3]
12 []
13 []
14 [19  3]
15 [19 17  3  9]
16 [17 19  3 34]
17 [19  3 17 17]
18 [17 19  3 11]
19 [17 11]
20 [17 19 11 17]
21 [19  3]
22 [ 3 19]
23 [19  9]
24 [17]
25 [ 3 19]
26 [19]
27 [ 3 19 17 34]
28 [19  3 17 17]
29 [ 3 19 17]
30 [19  3]
31 [19 21  3 17]
32 [21 19 17  3]
33 [19  3]
34 [3]
35 [19  3]
36 [19  3]
37 [19  3]
38 [19 17  3]
39 [19  3 17  1 34]
40 [19  3]
41 [19  3]
42 [ 3 19 17]
43 [19  3  9  1 17]
44 [19  3]
45 [ 3 19  9]
46 [3 9]
