0 [18 19 13]
1 [19]
2 [19]
3 [19]
4 [19 13]
5 [19 13]
6 [13]
7 [13]
8 [15 18]
9 [13]
10 [13]
11 []
12 [13]
13 [13]
14 []
15 []
16 [13]
17 [13]
18 []
19 []
20 []
21 []
22 []
23 [13]
24 [19 19]
25 [13]
26 [13]
27 [19 13]
28 []
29 [13]
30 [13]
31 [13]
32 [13]
33 [13 19]
34 [13]
35 [13]
36 [13]
37 [13]
38 [13]
39 []
40 []
41 [13]
42 [19 19 13]
43 []
44 [13]
45 [19]
46 [13]
47 [13]
48 [19 13]
49 []
50 []
51 [19]
52 []
53 [19]
54 [19 19 13]
55 [19]
56 [19]
57 [19 13]
58 [19 13]
59 [19]
60 [19]
61 [19 13]
62 [19 19 13]
63 [19 19 13]
64 [19 19]
65 [19 19]
66 [19 19]
67 [19 19 13]
68 [19 19 13  1]
69 [19 19 13]
70 [19 13 19  2]
71 [19 19 13]
72 [19 19 13 19]
73 [19 13  2 19]
74 [19 19 13]
75 [19 19 13]
76 [19 13 19  2]
77 [19 19 13]
78 [19 19 13 37]
79 [19 19 13]
80 [19 19 13]
81 [19 19 13]
82 [19 19 13]
83 [19 19 13]
84 [19 19]
85 [19 19 13]
86 [19 19 13]
87 [19 13 34]
88 [19 13]
89 [19 13]
90 [19 19 34 13]
91 [19 13]
92 [19 13]
93 [19 13]
94 [19 13]
95 [13 19]
96 [19 13]
97 [19 13]
98 [19 13]
99 [19 13]
100 [19 13]
101 [19 13]
102 [19 13]
