0 []
1 [10]
2 []
3 []
4 [12]
5 []
6 [16]
7 [16]
8 []
9 []
10 []
11 []
12 [4]
13 []
14 [12]
15 []
16 []
17 []
18 []
19 []
20 []
21 []
22 [10]
23 []
24 []
25 []
26 [1]
27 []
28 []
29 []
30 []
31 []
32 []
33 []
34 []
35 []
36 [2]
37 [7 6]
38 [7]
39 [1]
40 [1 9]
41 []
42 [12]
43 [12]
44 [19]
45 [19]
46 [19]
47 [1]
48 [19]
49 []
50 []
51 [9]
52 []
53 [12]
54 []
55 []
56 []
57 []
58 []
59 []
60 []
61 []
62 []
63 [12]
64 [1]
65 [1]
66 [12]
67 [12]
68 []
69 []
70 []
71 []
72 [4 1]
73 [1]
74 [1]
75 []
76 []
77 [7 2]
78 [17  1]
79 [7 1]
80 [12]
81 [12]
82 [12]
83 []
84 [19]
85 [19]
86 [19]
87 [19]
88 [19]
89 []
90 []
91 []
92 []
93 []
94 []
95 []
96 [19]
97 []
98 []
99 []
100 []
101 []
102 [12]
103 []
104 []
105 [ 9 17]
106 [7]
107 [7 1]
108 []
109 [1]
110 []
111 []
112 [12]
113 []
114 []
115 []
116 [12]
117 []
118 []
119 []
120 []
121 []
