0 []
1 []
2 []
3 []
4 []
5 [15 17]
6 [15 17]
7 [15 17]
8 [15 17]
9 [15 17]
10 [15 17]
11 [15 17]
12 [15 17]
13 [15]
14 [1]
15 [ 1 18 15  1]
16 [1]
17 [1]
18 [19]
19 []
20 []
21 []
22 [1 1]
23 [1]
24 []
25 [17]
26 []
27 []
28 []
29 []
30 []
31 []
32 []
33 []
34 []
35 []
36 []
37 []
38 [1]
39 [1]
40 [1]
41 [19  1]
42 [ 1 19]
43 [19  1]
44 []
45 [19]
46 [1]
47 [1]
48 [3]
49 []
50 []
51 [19  3]
52 [3]
53 [ 2 17]
54 [ 2 17]
55 [ 2 17]
56 [ 2 17]
57 [ 2 17]
58 [ 2 17]
59 [ 2 17]
60 [ 2 17]
61 [ 2 17]
62 [ 2 17]
63 [ 2 17 19]
64 [ 2 17]
65 [ 2 17]
66 [ 2 17]
67 [17]
68 [17]
69 [17]
70 [19 17]
71 [17]
72 []
73 [19]
74 []
75 [3]
76 [1 3]
77 [3]
78 [1]
79 [1]
80 []
81 []
82 []
83 [ 1 17]
84 []
85 []
86 []
87 [ 3  1 17]
88 []
89 [3]
90 [3]
91 []
92 []
93 []
94 []
95 []
96 []
97 []
98 []
99 []
100 [1]
101 [18]
102 [17  2]
103 [1]
104 []
105 []
106 []
107 []
108 []
109 [ 1 17]
110 []
111 [3]
112 [3]
113 [3]
114 [17  1  3]
115 [17  3]
116 [17  3]
117 [17  3]
118 [17  3]
119 [17  3]
120 [17  3]
121 [17  3]
122 [17  3]
123 [ 3 17]
124 []
125 [2 3]
126 [2 3]
127 []
128 [2]
129 [3]
130 []
131 []
132 []
133 []
134 []
135 []
136 []
137 []
138 []
139 []
140 []
141 []
142 []
143 []
144 []
145 []
