0 [19 21 12]
1 [21 19 12 17 34]
2 [19 21 12]
3 [19 21 12 34]
4 [19 21  9]
5 [19 21 12  9]
6 [19 21 12]
7 [21 19 12]
8 [19 12 21]
9 [19 21]
10 [19]
11 [19 12]
12 [19  9]
13 [19  9]
14 [19  9]
15 [19]
16 []
17 []
18 [19  9]
19 [19]
20 [ 9 19 10]
21 [19  1]
22 [9]
23 [19]
24 [19  9  1]
25 [19 12]
26 [19]
27 [19]
28 [19 12]
29 [19]
30 [19]
31 [19]
32 [19 12]
33 [19 12]
34 [ 9 19]
35 [19]
36 [19]
37 [19 12]
38 [3]
39 [19  3]
40 []
41 []
42 []
43 [19]
44 [23]
45 []
46 [19]
47 []
48 [19 34]
49 [19]
50 [19]
51 [19]
52 [19]
53 [12  1]
54 []
55 [17]
56 [19]
57 [19 19]
58 [12 17]
59 [ 9 19]
60 [19]
61 [19 12 21]
62 [12 21]
63 [ 9 21]
64 [ 9 12]
65 [9]
66 [ 9 12  9]
67 [9]
68 [ 9 12 19]
69 [ 9 19]
70 [ 9 19]
71 [ 9 19]
72 [19 19  9 17]
73 []
74 [19]
75 [19  9]
76 [19 19  9]
77 [19 19]
78 [19]
79 [19 10]
80 [10]
81 []
82 [28]
83 [12 28 10]
84 [19  9 28]
85 [10 28]
86 [19]
87 [19 21]
88 [ 9 19]
89 [28 19]
90 []
91 [19  9]
92 [19 12 34  9]
93 [19]
94 [19  9]
95 [19 12]
96 [19 12 17]
97 [19 12]
98 [19 34]
99 [19]
