0 []
1 [5]
2 [5]
3 [9]
4 [9]
5 [19  9  5]
6 [19  5]
7 [ 9 19  5]
8 [ 9  5 32]
9 [5]
10 [10  5]
11 [16 19]
12 [19]
13 [19]
14 [19]
15 [19]
16 [19]
17 [19 19]
18 [19 19  4  9]
19 [19 19  4 10]
20 [19  9  9]
21 [19 19 10]
22 [19 19]
23 [19 19]
24 [19]
25 [19]
26 [19]
27 [19]
28 [19 16  9 10]
29 [19 10]
30 [19 10]
31 [ 4 10  9  9]
32 [19  4 10]
33 [ 9 10]
34 []
35 []
36 []
37 [19 19]
38 [19]
39 [19]
40 [19 19 19]
41 [19 19 19]
42 [19 19 19]
43 [19 19 19 19 19]
44 [19 19 19]
45 [19 19 19]
46 [19 19 19]
47 [19 19 19]
48 [19 19]
49 [19 19]
