0 [8 7]
1 [7 8]
2 []
3 [8]
4 [8]
5 [8]
6 []
7 []
8 []
9 [19]
10 [19]
11 [19]
12 [19]
13 [19]
14 [19]
15 [19]
16 [19]
17 [19]
18 [19]
19 [19]
20 [19]
21 [19]
22 [19]
23 [19]
24 [19]
25 [19]
26 [19]
27 [19]
28 [19]
29 [19 32  9]
30 [19 32]
31 [19]
32 [19 32  9]
33 [19  4]
34 [19]
35 [19]
36 [19]
37 [19]
38 [19]
39 [19]
40 [19]
41 [19]
42 [19]
43 [19]
44 [19]
45 [19]
46 [19]
47 [19]
48 [19]
49 [19]
50 [19]
51 [19]
52 [19]
53 [19 19]
54 [19]
55 [19]
56 [19]
57 [19]
58 [19]
59 [19]
60 [19]
61 [19]
62 [19 19]
63 [19]
64 [19 19]
65 [19]
66 [19 19]
67 [19 19]
68 [19]
69 [19]
70 [19]
71 [19]
72 [19]
73 [19]
74 [19]
75 [19]
76 [19]
77 [19]
78 [19]
79 [19 19]
80 [19]
81 [19]
82 []
83 []
84 [8 7]
85 [8]
86 [19  8]
87 []
88 []
89 [19]
90 [19]
91 [19]
92 [19  9]
93 []
94 [19]
95 [19]
96 [19]
97 [19]
98 [19]
99 [19]
100 [16 19]
101 [19  8]
102 []
103 [19]
104 []
105 []
106 []
107 [ 8 19]
108 []
109 []
110 [19]
111 []
112 [32  9]
113 [ 8 16]
114 []
115 []
116 [19  9]
117 [19  8]
118 []
119 [19]
120 []
