0 []
1 [31]
2 [31]
3 []
4 []
5 []
6 [9]
7 [19  9 38]
8 [19 38  9  8]
9 [19  9  8]
10 [19]
11 []
12 [8]
13 [4]
14 []
15 []
16 []
17 [8 4]
18 [8]
19 [8]
20 [8]
21 []
22 []
23 []
24 []
25 [19]
26 [19]
27 [19]
28 [ 8 16]
29 [16]
30 [4]
31 [4]
32 [4]
33 []
34 []
35 [4]
36 [4]
37 [4]
38 [4]
39 [4]
40 []
41 [19]
42 [19]
43 []
44 [19]
45 [19]
46 [19]
47 [ 9 19]
48 [19  9]
49 [19]
50 [16  9]
51 [9]
52 []
53 [9]
54 [9]
55 []
56 []
57 [19]
58 [19]
59 [19]
60 [19]
61 [19]
62 [ 9 12]
63 [7]
64 []
65 []
66 []
67 []
68 []
69 []
70 []
71 []
72 [ 4  9 19]
73 [ 4 19 18  9]
74 [18 19  4  7]
75 [ 7 19]
76 [7]
77 [7 9]
78 [19  8  7]
79 [19 19]
80 [19]
81 [19]
82 [ 7 17]
83 [ 7 17]
84 [ 7 17]
85 [3]
86 [3]
87 [3]
88 [19  6]
89 [19  6]
90 [19  6]
91 [19]
92 [7]
93 [7]
94 [7]
95 [7]
96 [9]
97 [9]
98 [9]
99 [9]
100 [9]
101 [9]
102 [9]
103 [9]
104 [7]
105 [7 9]
106 [4 8 7]
107 [4]
108 []
109 []
110 []
111 [19  9  9]
112 [19]
113 []
114 [19]
115 [19]
116 [19]
117 [ 7 17]
118 [7]
119 [7]
120 []
121 [19]
122 [19]
123 [4 7]
124 [4]
125 [4]
126 [4]
127 [6 9]
128 [9 6]
129 [6 9]
130 [6 9]
131 [6 9]
132 [6 9]
133 [9 6]
134 []
135 []
136 []
137 [1]
138 []
139 []
140 [6]
141 []
142 []
143 []
144 [4]
145 []
146 []
147 []
148 []
149 [1]
150 [1]
151 [1]
152 [1]
153 [1 1]
154 [4 9 7]
155 [4 8 7 7]
156 [4 8 7 2 7]
157 [4 8 7 2 7]
158 [4 8 7 2 7]
159 [4 8 7 7 2]
160 [4 7 8 7 2]
161 [4 8 7 7]
162 [19]
163 []
164 [31]
165 [31]
166 [31]
167 [31]
