0 []
1 []
2 []
3 []
4 []
5 []
6 []
7 [19]
8 [19]
9 [19]
10 []
11 []
12 []
13 []
14 []
15 []
16 []
17 []
18 []
19 [2 2]
20 [ 2 17]
21 [2]
22 [ 9 18]
23 [19]
24 [ 9 19]
25 [18]
26 [18 19 19  2]
27 [18]
28 [18]
29 [18]
30 [18 19]
31 [18 19]
32 [ 2 18]
33 [18 19]
34 [19 18]
35 [18]
36 [19 18 19  2]
37 [2]
38 [2]
39 [2]
40 [2]
41 [2]
42 [2]
43 [2]
44 []
45 [2]
46 [2]
47 [2]
48 [2]
49 []
50 [18 21]
51 [18]
52 [19 18]
53 [18 19 19 15]
54 [19 18]
55 [18]
56 [19 18 15]
57 [18]
58 [18]
59 [18 15  7]
60 [18  7]
61 [18]
62 [18 19]
63 [18]
64 [18]
65 [18 19  7]
66 [18]
67 [18 19  9]
68 [19]
69 [19  9 18  7]
70 [ 9 19]
71 [19  9]
72 [18 19]
73 [19]
74 [19]
75 [19  9]
76 [18  9]
77 [18 19]
78 [18]
79 [ 9 19]
80 [18 15]
81 [18  9]
82 [18  9]
83 []
84 [19 15]
85 [18 19]
86 [16]
87 [16]
88 [16  5]
89 [ 5 16]
90 [16]
91 [16  5]
92 [5]
93 []
94 [ 8 18]
95 [19 15]
96 [19 15]
97 [19]
98 [19]
99 []
100 [19 21]
101 [19]
102 [18]
103 [18  1 19]
104 [19 18]
105 [18 19]
106 [18 19]
107 [19 18]
108 [18 19]
109 [3]
110 [3 9]
111 [3]
112 [3]
113 [3]
114 [3]
115 [3]
116 [3]
117 [3]
118 [3]
119 []
120 []
121 []
122 []
123 []
124 [3]
125 [3]
126 [3]
127 [3]
128 []
129 [3]
130 [3]
131 [3]
132 [19]
133 [19]
134 [19  7]
135 [19 18]
136 [19]
137 [19 19]
138 [19]
139 [19]
140 [19 19]
141 [19]
142 [19]
143 [19 19 18]
144 [19 19]
145 [19 19 18]
146 [19]
147 [19 19]
148 []
149 [ 2 15]
150 []
151 [2]
152 [2]
153 [2]
154 [2]
155 [2]
156 [19]
157 [19 18]
158 [19 18]
159 [19 19 18]
160 [19 18]
161 [19 18 19]
162 [19 18]
163 [19 19]
164 [19 19 18]
165 [19 19]
166 [19 19]
167 [19 19]
168 [19 19]
169 [19 19]
170 [2]
171 [15]
172 [15]
173 []
174 []
175 [15]
176 [15]
177 []
178 [19]
179 [19 19]
180 [19 19]
181 [19 19]
182 [19 19]
183 [19 19  9]
184 [19]
185 [19 19]
186 [19 19 18]
187 [19 19 19]
188 [19 19]
189 [19 19]
190 [19 19]
191 [19 19]
192 [19 19]
193 [19 19]
194 [19 19]
195 [19]
196 [19 19]
197 [19 19]
198 [19]
199 [19 19]
200 [19 19]
201 [19 19]
202 []
203 []
204 []
205 []
206 []
207 []
208 []
209 []
210 []
211 []
212 []
