0 []
1 []
2 [19]
3 [19 19  1 17 21]
4 [19 19 17 21]
5 []
6 [17]
7 [19 17  3]
8 [19 19 19 19  3 37]
9 []
10 []
11 []
12 []
13 []
14 [19 21]
15 [19 21]
16 [19 21]
17 [19 19  3]
18 [19 28  3]
19 [19 19 19  3]
20 [19 19 19 17  3]
21 [19 19 19 17]
22 [19 19  9]
23 [19 19]
24 [19 19 19 17]
25 [19 19 19 26]
26 [17 19  3]
27 [3]
28 []
29 [2]
30 [19]
31 []
32 [19]
33 []
34 []
35 []
36 []
37 []
38 [19 19  3]
39 [19  2]
40 [19]
41 []
42 []
43 []
44 [3]
45 [3]
46 [3]
47 [3]
48 [19 19 17]
49 [19 19]
50 [19]
51 [19 12  9  3]
52 [19]
53 [19]
54 [19 17]
55 [19]
56 []
57 []
58 [17]
59 []
60 []
61 []
62 []
63 []
64 []
65 [1]
66 []
67 []
68 []
69 []
70 [15]
71 [1]
72 []
73 []
74 [19]
75 [19]
76 [19 19 19 21]
77 [19]
78 [19]
79 [19 19  3 19]
80 [19 19 19  3]
81 [19 19 19 19 19 19  3 19]
82 [19 19 19 19 19  3 34 18]
83 [19 19 19 19 19  3]
84 [19 19 19 19  3 19 34]
85 [19]
86 [19]
87 [19]
88 [19]
89 [19]
90 [19 19 34]
91 [19 19 17]
92 [19 19]
93 [19 19 17]
94 [19 19]
95 [19 19]
96 [19 19 26]
97 [19 19]
98 [19]
99 [19]
100 [19]
101 [19]
102 [19]
103 [19]
104 [19]
105 [19]
106 [19]
107 []
108 []
109 [12]
110 []
111 []
112 [ 3 19]
113 [19  3 19]
114 [19 19 19 17  3]
115 [17]
116 [17]
117 [17]
118 [19 19]
119 [19 19]
120 [19 19 19]
121 [17]
122 [17 19]
123 [17]
124 []
125 [19 19 19 17 19  9]
126 [19 19 19  3 17  9]
127 [19 19 19 19  3 26]
128 [3]
129 [3]
130 [3]
131 [3]
132 [17]
133 [ 3 19]
134 [19 17]
135 [19 19  4]
136 [19 11]
137 []
138 [ 3 19]
139 [19 19]
140 [17 19  3]
141 [19  3]
142 [19 19 17 19]
143 [19  9]
144 [19 19  3]
145 [19 19 19 17]
146 [19  9 17]
147 [19]
148 [19 19 19]
149 [19 17  9]
150 [19  3 17]
151 [19 19  3]
152 [17 19 17]
153 [19 19  3 19 19 19]
154 [19 19 19 19  3]
155 []
156 []
157 []
158 []
159 [17]
160 [19]
161 []
162 [19]
163 [19  9 17]
164 [19 19 19 19 17 26 19]
165 [ 3 17]
166 [2]
167 [17  9]
168 [17]
169 [17]
170 [ 9 17]
171 [3]
172 []
173 []
174 [12]
175 []
176 []
177 [9]
178 [ 9 17]
179 [9]
180 []
181 []
182 [9]
183 []
184 [12  9]
185 [19  3 19 17]
186 [19 19  3 19]
187 [19  3 19 19]
188 [19 19  3 17 15]
189 [19  3 19 19]
190 [17  3]
191 [17 19  3]
192 [17  3 17]
193 [17  3 17 19]
194 [17  3 17 17]
195 [17  3 17 17]
196 [19 19]
197 [3]
198 []
199 [19 19]
200 [19 19]
201 [19 19  4]
202 [19 19  9]
203 [3]
204 [3]
205 [17  3]
206 [3]
207 []
208 []
209 []
210 []
211 []
212 [ 3  1 17]
213 [3 1]
214 [ 3 17]
215 [3]
216 [19]
217 []
218 []
219 []
220 []
221 []
