0 [19]
1 [19]
2 [19 12  9]
3 [19  9 12]
4 [ 4 10]
5 [ 4 19 10]
6 [4 9]
7 [19]
8 [19]
9 []
10 []
11 []
12 [9]
13 []
14 []
15 []
16 [9]
17 [19]
18 [19]
19 [19]
20 [19 19]
21 [ 4 12]
22 [4]
23 [4]
24 [4]
25 [4]
26 [4 9]
27 [9]
28 [19]
29 [4]
30 [9]
31 [9]
32 [19  9]
33 [9 4]
34 [9 4]
35 [4]
36 [7 4]
37 []
38 [4]
39 [4 9]
40 [4 9]
41 [7]
42 [4 7]
43 [4]
44 [4]
45 [4]
46 [4 9]
47 [19  4]
48 [4]
49 [19 12]
50 [19]
51 [12]
52 [19 12]
53 [ 9 12]
54 []
55 [9]
56 []
57 []
58 [9]
59 [9]
60 [4]
61 [4]
62 [4]
63 [4]
64 []
65 [9 7]
66 [9 4]
67 [19]
68 [19  3  4]
69 [ 4  3 28]
70 [ 9  4  3 19]
71 [19  3  4  9]
72 [3]
73 [ 3 17]
74 [4 3]
75 [3 4]
76 [3]
77 [ 9 17  4]
78 [19  3]
79 [19  3 17]
80 [ 3  4 17]
81 [4]
82 [9 4]
83 [3]
84 [ 4  3 19]
85 [4 3]
86 [9 3]
87 [19  3]
88 [19  3]
89 [4 9]
90 [4 9]
91 [4]
92 [ 3 17]
93 [ 3 19 17]
94 [3 4 9]
95 [ 3  4 17]
96 [ 9 19  3]
97 [ 4  3 19]
98 [19  3]
99 [ 9  4 19]
100 [9]
101 []
102 [19]
103 [4 9]
104 [4 9]
105 [4]
106 [4]
107 [19  4  9]
108 [19]
109 [19  4]
110 [19  9]
111 [19]
112 [19]
113 [19  9  4]
