0 []
1 []
2 []
3 []
4 []
5 []
6 []
7 []
8 [3]
9 [3]
10 [3]
11 [3]
12 [3]
13 [3]
14 [3]
15 [3]
16 [3]
17 [19]
18 []
19 [19  1]
20 [19]
21 [19]
22 [19]
23 [19  1]
24 [19]
25 [19  1]
26 [19  1]
27 [19  1]
28 [19]
29 [19  1]
30 [19]
31 []
32 [19]
33 []
34 [19]
35 []
36 [3]
37 []
38 [1]
39 []
40 []
41 [15]
42 []
43 []
44 []
45 []
46 []
47 []
48 []
49 []
50 []
51 [2]
52 [2]
53 []
54 []
55 []
56 []
57 []
58 []
59 [1]
60 []
61 []
62 []
63 []
64 []
65 []
66 []
67 [1]
68 [1]
69 []
70 []
71 []
72 []
73 []
74 [1]
75 []
76 []
77 [1]
78 [2]
79 [21  2]
80 [ 2 21]
81 [2 3 1]
82 [1 2]
83 [1 2]
84 []
85 []
86 [1]
87 []
88 []
89 []
90 []
91 []
92 []
93 []
94 []
95 [2]
96 []
97 []
98 []
99 []
100 []
101 []
102 [2]
103 [2]
104 [2]
105 [2]
106 []
107 []
108 []
109 []
110 []
111 []
112 [1]
113 []
114 [1]
115 [1]
116 []
117 []
118 []
119 []
120 []
121 []
122 []
123 []
124 []
125 []
126 []
127 []
128 []
129 []
130 []
131 []
132 []
133 []
134 []
135 [19]
136 []
137 []
138 []
139 []
140 []
141 []
142 []
143 []
144 []
145 []
146 []
147 []
148 []
149 []
150 []
151 [19]
152 [19]
153 []
154 [19]
155 [3]
156 [3]
157 [3]
158 [3]
159 [3]
160 [3]
161 [3]
162 [3]
163 [3]
164 [3]
165 [3]
166 [3]
167 [3]
168 [3]
169 [3]
170 [3]
171 [3]
172 [3]
173 [3]
174 [3]
175 [3]
176 [3]
177 [3]
178 [3]
179 [3]
180 [3]
181 [3]
182 [3]
183 [3]
184 [3]
185 [3]
186 [3]
187 [3]
188 []
