0 [18]
1 [18]
2 [18]
3 [18]
4 [18]
5 [18]
6 [18]
7 [18]
8 [18]
9 [6]
10 [6]
11 [6]
12 [6]
13 [6]
14 [6]
15 [6]
16 [6]
17 [19 26]
18 [19 26]
19 [19 26]
20 [19 26]
21 [19 26]
22 [19 26]
23 [19 26]
24 [19 26]
25 [19 26]
26 [19 19 19 19 26 18 18 37]
27 [19 19 19 19 26 18 18 37]
28 [19 19 19 19 26 18 18 37]
29 [19 19 19 19 26 18 18 37]
30 [19 19 19 19 26 18 18 37]
31 [19 19 19 19 26 18 18 37]
32 [19 19 19 19 26 18 18 37]
33 [19 19 19 19 26 18 18 37]
34 [18]
35 [18]
36 [18]
37 [18]
38 [18]
39 [18]
40 [18]
41 [18]
42 [18 19]
43 [18 19]
44 [18 19]
45 [18 19]
46 [18 19]
47 [18 19]
48 [18 19]
49 [18 19]
50 [18 19]
51 [19 18]
52 [19 18]
53 [19 18]
54 [19 18]
55 [19 18]
56 [19 18]
57 [19 18]
58 [19 18]
59 []
60 []
61 []
62 []
63 []
64 []
65 []
66 []
67 []
