0 [19 22]
1 [19 22]
2 [19]
3 []
4 [38]
5 []
6 [19]
7 [19]
8 [19 22]
9 [19 22]
10 [19 22]
11 [19 22]
12 [19]
13 [19]
14 [19 34]
15 [19 11]
16 [11 22]
17 [22 11]
18 [11 22]
19 [11]
20 []
21 []
22 []
23 [22 11]
24 []
25 []
26 []
27 []
28 []
29 []
30 []
31 []
32 []
33 []
34 []
35 []
36 []
37 []
38 []
39 []
40 []
41 []
42 []
43 []
44 []
45 []
46 []
47 []
48 []
49 [22]
50 []
51 [22]
52 [22]
53 [22]
54 []
55 []
56 []
57 []
58 []
59 []
60 []
61 []
62 []
63 []
64 []
65 []
66 []
67 []
68 []
69 []
70 []
71 []
72 []
73 []
74 []
75 []
76 [22]
77 []
78 []
79 []
80 [22 11  6]
81 [19 22]
82 [11 22]
83 [22]
84 []
85 []
86 []
87 []
88 []
89 []
90 []
91 []
92 [22]
93 []
94 [22]
95 [22]
96 []
97 []
98 [19]
99 []
100 []
101 []
102 []
103 []
104 []
105 []
106 []
107 []
108 []
109 []
110 []
111 []
112 []
113 []
114 []
115 []
116 []
117 []
118 []
119 [11]
120 [22]
121 [22]
122 [11]
