0 [9]
1 [10 19  9]
2 [19 10]
3 [19 10  9]
4 [19  9]
5 [19]
6 [19 10]
7 [10  9]
8 [19 10]
9 [19 10]
10 [19 10  9]
11 [19 10  9]
12 [19]
13 [ 9 10]
14 [9]
15 [ 9 10]
16 [10 19]
17 [ 9 19 10]
18 [19  9  4]
19 [ 9 19]
20 [9]
21 [19]
22 [9]
23 [19 10  9]
24 [9]
25 [ 9 10  4 19]
26 [ 9  9  4 10 19]
27 [19 10  9  4]
28 [10 19  4  9]
29 [19  9 10]
30 [19 10  9]
31 [ 9  9 10]
32 [10  9]
33 [10  9]
34 []
35 [10]
36 []
37 [10]
38 [10]
39 [10]
40 []
41 [ 9 19]
42 [19]
43 [9]
44 []
45 []
46 []
47 []
48 []
49 [9 9]
50 [10  9]
51 []
52 [10]
53 []
54 [10  9  9]
55 [ 9  9 10]
56 [ 9 10]
57 [ 9 10]
58 [9]
59 [ 9 10]
60 [ 9 10]
61 [9]
62 [ 9 10 19]
63 [19 10]
64 [19]
