0 []
1 []
2 []
3 []
4 [15]
5 []
6 []
7 []
8 []
9 []
10 []
11 []
12 []
13 [3]
14 []
15 []
16 []
17 [19 17  1]
18 []
19 [19 20]
20 []
21 [2]
22 []
23 [19]
24 []
25 [3]
26 [3]
27 [3]
28 [17]
29 [21]
30 [1]
31 []
32 []
33 [1]
34 [3]
35 []
36 [3]
37 []
38 [3]
39 []
40 [17  3 19]
41 [3]
42 []
43 [2]
44 [2]
45 [21]
46 [ 2 21]
47 [ 2 21]
48 [3]
49 []
50 [19]
51 [ 2 21]
52 []
53 []
54 [17]
55 []
56 [ 1  2 17]
57 [2 1]
58 [ 2 17]
59 [ 9 12]
60 [ 3  9 12]
61 [ 3 12]
62 [ 3 19]
63 [3]
64 [ 3 37]
65 [ 3 19]
66 [17]
67 [12]
68 [19 17 19 17]
69 [19 21 19 17]
70 [37 12 17]
71 [19 17 37  3 37 21]
72 [19  3 37]
73 [19 17  1]
74 [19 17 21 19]
75 []
76 [17]
77 [17  9]
78 []
79 [17]
80 [3]
81 []
82 []
83 [17  3]
84 []
85 [17]
86 []
87 []
88 []
89 []
90 [19]
91 [19]
92 []
93 [17]
94 [3]
95 []
96 []
97 [19]
98 []
99 [19]
100 [19]
101 [ 3 19]
102 [ 3 19]
103 [19 19  3]
104 [17]
105 [1]
106 [9]
107 [19]
108 [3]
109 [3]
110 []
111 [3]
112 [19]
113 []
114 []
115 []
116 []
117 []
