0 [8 7]
1 [8]
2 [7]
3 [ 7 11]
4 [6 7]
5 [7 4]
6 [8 7]
7 [6]
8 [6]
9 [2 6]
10 [8]
11 [6]
12 [6]
13 []
14 [5]
15 [7]
16 [7 4]
17 [6]
18 [2]
19 [7 6]
20 [7 8]
21 [6]
22 [8]
23 []
24 []
25 [17]
26 [7]
27 []
28 [2 7]
29 []
30 [2 7 6]
31 [7 9]
32 [7]
33 []
34 [6]
35 [6]
36 [6]
37 [6]
38 [6]
39 [6]
40 [6]
41 [6]
42 [6]
43 [6]
44 [6 7]
45 [6]
46 []
47 [6]
48 [2 6]
49 [6]
50 [6]
51 [8]
52 [7]
53 [8]
54 [8]
55 [2]
56 [7]
57 [8]
58 [8 7]
59 []
60 [2]
61 []
62 [5]
63 [5]
64 []
65 [5]
66 []
67 []
68 []
69 []
70 []
71 []
72 []
73 []
74 []
75 []
76 []
77 []
78 []
79 []
80 []
81 []
82 []
83 []
84 [6]
85 [6]
86 [6]
87 [6]
88 [7 8]
89 [7]
90 [7 8]
91 [8 7]
92 [7 8]
93 [8]
94 [7]
95 []
96 []
97 [9]
98 []
99 [8]
100 [8 7]
101 [8]
102 [19  8 16]
103 [8 7]
104 [8]
105 [7]
106 [8]
107 [7 8]
108 [7 6]
109 [7 1]
110 [7]
111 [7]
112 [7]
113 [7]
114 [8 7 6]
115 [8 7]
116 [7 6]
117 [7 8]
118 [7 8]
119 [7]
120 [7]
121 [7]
122 [7]
123 [7]
124 [7]
125 [7]
126 [7]
127 [19]
128 [7]
129 [8 7]
130 [8 7]
131 [7 8]
132 [7]
133 [8]
134 [4 8]
135 [8]
136 [8]
137 [8]
