0 [17]
1 []
2 []
3 []
4 []
5 [19]
6 [19]
7 [19]
8 [19]
9 [19]
10 [19]
11 [19  6]
12 [19  6]
13 [19  6]
14 [6]
15 [6]
16 [6]
17 [6]
18 []
19 [19]
20 [19]
21 [19]
22 [19]
23 [19]
24 [19]
25 [19  6]
26 [19  6]
27 [19  6]
28 [19  6]
29 [19  6]
30 [19  6]
31 [19  6]
32 [19  6]
33 [19  6]
34 [19  6]
35 [19  6]
36 [19  6]
37 [19]
38 [19]
39 [19]
40 [19]
41 [19]
42 [19]
43 [19]
44 [19]
45 [19]
46 [19  6]
47 [19  6  6]
48 [19  6 29]
49 [19  6 29]
50 [19  6 29]
51 [19  6 29]
52 [19  6 29]
53 [19  6 29]
54 [19  6]
55 [19]
56 [19]
57 [19]
58 [19]
59 [19]
60 [19]
61 [19]
62 [19]
63 [19]
64 [19]
65 [19  6 29]
66 [19  6 29]
67 [19  6 29]
68 [19  6 29]
69 [19]
70 [19]
71 [19]
72 [19]
73 [19]
74 [19]
75 [19]
76 [19]
77 [19  6 29]
78 [19  6]
79 [19  6 29]
80 [19  6 29]
81 []
82 []
