0 [19  3]
1 [19  3 22 17]
2 [19  3]
3 [19 22  3  9]
4 [19  3 22 17]
5 [ 3 19 17]
6 [ 3 19 22  9]
7 [19  3 22]
8 [ 3 19]
9 [19  3  9]
10 [19  3 22 21]
11 [19  3 17]
12 [19  3]
13 [19  3]
14 [19  3]
15 [19  3 22]
16 [19 22  3]
17 [19  3]
18 [19  3]
19 [19  3]
20 [19  3 22]
21 [19  3 22]
22 [19  3]
23 [19  3]
24 [19  3]
25 [19  3]
26 [19  3]
27 [19  3]
28 [19  3]
29 [19  3]
30 [3]
31 [19  3]
32 [ 3 19]
33 [19  3]
34 [ 3 19]
35 [19  3]
36 [ 3 17 12]
37 [ 3 17]
38 [3]
39 [3]
40 [3]
41 [3]
42 [3]
43 [ 3 17]
44 [ 3 17]
45 [ 3 17]
46 [ 3 17]
47 [ 3 17]
48 [ 3 17  1]
49 [3]
50 [ 3  1 17]
51 [ 3  1 17]
52 [ 3 17]
53 [17  3  1]
54 [ 3  1 17]
55 [ 3 17]
56 [3 1]
57 [3 1]
58 [ 3 17  1]
59 [3]
60 [ 3  1 17]
61 [3]
62 [ 1 17  3]
63 [3]
64 [3]
65 [22  3]
66 [3]
67 [22  3]
68 [3]
69 [3]
70 [3]
71 [3]
72 [3]
73 []
74 [22  3]
75 [ 3 22]
76 [22  3]
77 [ 3 22]
78 [ 3 22 21]
79 [22]
80 [22  3 21]
81 [ 3 21 21 22]
82 [21  3 22]
83 [ 3 21 17 22]
84 [ 3 22 21]
85 [22  3]
86 [ 3 21]
87 [ 3 21]
88 [ 3 21]
89 [ 3 22]
90 [ 3 22]
91 [ 3 21 22]
92 [3]
93 [22 11]
94 [ 3 22]
95 [ 3 22]
96 [ 3 17 22]
97 [ 3 22 21]
98 [22  3]
99 [22  3 11]
100 [ 3 11]
101 [11  3]
102 [11]
103 [11  3]
104 [11  3]
105 [3]
106 [22  3 11]
107 [ 3 11]
108 [11]
109 [11]
110 [11]
111 []
112 []
113 []
114 [11]
115 [3]
116 [3]
117 [3]
118 [3]
119 [3]
120 []
121 [21]
122 [ 3 21]
123 [22  3]
124 [21  3]
125 [21  3]
126 [ 3 22]
127 [ 3 21 19]
128 [19  3 21]
129 [ 3 19 21]
130 [19  3]
131 [3]
132 [ 3 21]
133 [3]
134 [3]
135 [3]
136 [3]
137 [3]
138 [3]
139 [19 11]
140 [19 11]
141 [19  2]
142 [19 11]
