0 []
1 []
2 []
3 []
4 []
5 [12  9]
6 [12]
7 [12]
8 [12]
9 [12]
10 []
11 []
12 []
13 []
14 []
15 []
16 []
17 []
18 []
19 []
20 [12]
21 [12]
22 []
23 []
24 []
25 [17]
26 []
27 []
28 []
29 [12]
30 [12]
31 [12]
32 [12]
33 [12]
34 [12]
35 [12]
36 []
37 []
38 []
39 []
40 []
41 [4 7]
42 [12]
43 []
44 []
45 []
46 []
47 []
48 []
49 []
50 []
51 []
52 []
53 [12]
54 [12]
55 [12]
56 [12]
57 []
58 [12]
59 []
60 []
61 []
62 []
63 [12]
64 [12]
65 [12]
66 []
67 []
68 []
69 []
70 [12]
71 []
72 [12]
73 [12]
74 [12]
75 [12]
76 []
77 []
78 []
79 [12]
80 [1]
81 [1]
82 [12]
83 []
84 []
85 []
86 [3]
87 [3]
88 [3]
89 [3]
90 []
91 [3]
92 [17]
93 [3]
94 []
