0 []
1 [19  9]
2 [19]
3 [19]
4 [19]
5 [19]
6 [19]
7 [19]
8 [19]
9 []
10 [19]
11 []
12 []
13 [19]
14 []
15 [19]
16 [9]
17 [19]
18 [19]
19 [19  9]
20 [19]
21 [19]
22 [19]
23 [19]
24 [19]
25 [19]
26 []
27 [19]
28 [19]
29 []
30 [19]
31 [19]
32 [19]
33 [19]
34 [19]
35 [19]
36 [19]
37 [19]
38 [19]
39 []
40 [19]
41 []
42 []
43 [19 19]
44 [19 19]
45 [19 27]
46 [19 27]
47 [19 27]
48 [19]
49 [19]
50 [19]
51 []
52 [19 19]
53 []
54 [19]
55 [19]
56 [19]
57 [19]
58 []
59 []
60 []
61 []
62 [19]
63 []
64 [19  3]
65 [19  3 34]
66 [9 3]
67 [19 10  3]
68 [19 10]
69 [19  3]
70 [19  3]
71 [19  3]
72 [19  3]
73 [ 9 17 19  3]
74 [ 9  3 10 12]
75 [ 9 12  3]
76 [19 12  3]
77 [19 12 10]
78 [19  3]
79 [19 12  3]
80 [19  3]
81 [19 10  3]
82 [19 10]
83 [19 10]
84 [19  3]
85 [19  3]
86 [19  3]
87 [19 12  3]
88 [19 12]
89 [19 12  3]
90 [19  3]
91 [19  3]
92 [19]
93 [19  3]
94 [ 9 19 10 12]
95 [3]
96 [19  3 10]
97 [19 12  3 10]
98 [19 10  3]
99 [19 10  3]
100 [19 10]
101 [19 10]
102 [19 12 10]
103 [19  3]
104 [19 12  3 10]
105 [10  9]
106 [19 10]
107 [10  9]
108 [19 10  3]
109 [19  3]
110 [19  3 12 10]
111 [19  3]
112 []
113 [19]
114 [19]
115 [19]
116 [19]
117 []
118 [19]
119 []
120 []
121 []
122 [19]
123 [19]
124 [19]
125 [19]
126 [19]
127 []
128 [19]
129 []
130 []
131 []
132 [19]
133 [5]
134 [19]
135 [19]
136 [19]
137 [19]
138 [19 38 19]
139 [19 38 19]
140 [19 19 38]
141 [19 38 19]
142 [19 19 38]
143 [19 19 38]
144 [19 19 38]
145 [19 19 38]
146 [19 19 38]
147 [19 19 38 21]
148 [19 38 19]
149 [19 38 19]
150 [19 38 19]
151 [19 19 38]
152 [19 19 38]
153 [19 19 38]
154 [19 19 38]
155 [19 19 38]
156 [19 38 19]
157 [19 19 38]
158 [19 19 38]
159 [19 19 38]
160 [19 19 38]
161 [19 19 38]
162 [19 19 38 21]
163 [19 19 38]
164 [19 19 38 21]
165 [19 19 38]
166 [19 19 38]
167 [19]
168 [19 12]
169 [19 12]
170 [19 12]
171 [19 12]
172 [19 12]
173 [19]
174 [19]
175 [19]
176 [19 12]
177 []
178 [19]
179 [19]
180 []
181 [19 12]
182 [19 12]
183 [19]
184 [19]
185 []
186 []
187 []
188 [19]
189 [19]
190 [19]
191 [19]
192 []
193 []
194 [19 19 19 19 19 19]
195 [19 19 19 19 19 19]
196 [19 19 19 19 19 19]
197 [19 19 19 19 19 19]
198 [19 19 19 19 19 19]
199 [19 19 19 19 19 19]
200 [19 19 19 19 19 19]
201 [19 19 19 19 19 19]
202 [19 19 19 19 19 19]
203 [19 19 19 19 19 19]
204 [19 19 19 19 19 19]
205 [19 19 19 19 19 19]
206 [19 19 19 19 19 19]
207 [19 19 19 19 19 19]
208 [19 19 19 19 19 19]
209 [19 19 19 19 19 19]
210 [19 19 19 19 19 19]
211 [19 19 19 19 19 19]
212 [19 19 19 19 19 19]
213 [19 19 19 19 19 19]
214 [19 19 19 19 19 19]
215 [19 19 19 19 19 19]
216 [19 19 19 19 19 19]
217 [19 19 19 19 19 19]
