0 []
1 [31]
2 []
3 [12]
4 []
5 []
6 []
7 [19]
8 [19]
9 [19]
10 [19]
11 [19]
12 [4 9 4]
13 [9 4]
14 [4 9]
15 [9]
16 [19]
17 [19]
18 [19]
19 [19]
20 []
21 []
22 []
23 []
24 []
25 []
26 [6]
27 [6 8]
28 [7]
29 [6]
30 [7]
31 [4 8]
32 [8 7]
33 [7]
34 []
35 [8 7]
36 [7]
37 [7 4]
38 [8]
39 [8]
40 [8]
41 [8]
42 [8]
43 [7]
44 [4]
45 [7 6]
46 [7 6]
47 [4]
48 []
49 [19]
50 [4]
51 [19]
52 [19]
53 [19]
54 [19]
55 [14]
56 [14]
57 [7 4 7]
58 [7 7 4]
59 [7 7]
60 [7 7]
61 [7 7 4]
62 [7 7 4]
63 [7 7 4]
64 [2]
65 [7 2]
66 [7 2]
67 [7]
68 [7]
69 [7]
70 [2 7]
71 [7]
72 []
73 [19]
74 [19]
75 [19]
76 [19]
77 []
78 []
79 []
80 []
81 [19]
82 []
83 [19]
84 [19]
85 []
86 []
87 []
88 []
89 [ 2 15]
90 [8]
91 [8]
92 []
93 [19]
94 [19]
95 []
96 []
97 []
98 []
99 [31]
100 [31]
