0 [11 21]
1 [11 21 37]
2 [11 21]
3 [11 21]
4 [11]
5 [11 22]
6 [11 23]
7 [11 22 37]
8 []
9 []
10 []
11 []
12 []
13 [1]
14 [15]
15 [17]
16 [1]
17 []
18 []
19 []
20 []
21 [11]
22 [11]
23 [11 20 21]
24 [11 19]
25 [22 11 22]
26 [22 19  6]
27 [19 22]
28 [22 19 21]
29 [21 22]
30 [6]
31 [11]
32 [11]
33 [11]
34 [11]
35 [11]
36 []
37 [3]
38 [14]
39 [11]
40 [11 19]
41 [11]
42 [11  6]
43 [11  6]
44 [19 11]
45 [11]
46 [11]
47 [11]
48 [11]
49 [11]
50 [11  6]
51 [11  6]
52 [11]
53 [11]
54 [11]
55 [11]
56 []
57 []
58 []
59 []
60 []
61 []
62 []
63 []
64 []
65 []
66 []
67 []
68 []
69 []
70 []
71 []
72 []
73 []
74 []
75 []
76 []
77 []
78 []
79 []
80 []
81 []
82 [11]
83 [11  6]
84 [11]
85 [11]
86 [11]
87 [11]
88 [11]
89 [11  6]
90 [11]
91 [6]
92 [6]
93 [ 6 19]
94 [11 19]
95 [11]
96 [11  6]
97 [19 11  6]
98 [6]
99 [ 6 11]
100 [6]
101 [6]
102 []
103 []
104 [11]
105 [ 6 11]
106 [ 6 11]
107 [6]
108 [11]
109 [11  6]
110 [ 6 11]
111 [11]
112 [11  6]
113 [11  6]
114 [11]
115 [11]
116 [11  6]
117 [6]
118 [6]
119 [ 6 11]
120 [6]
121 [11  6]
122 [11  6]
123 [11]
124 [11]
125 [11]
126 [11]
127 [11  6]
128 [6]
129 [22]
130 []
131 []
132 []
133 []
134 [11  6]
135 [11  6]
136 [ 6 11]
137 [6]
138 [6]
139 [11]
140 [6]
141 []
142 [19  6 11]
143 [11]
144 [38  6  9]
145 [38 11]
146 [38]
147 [6]
148 []
149 [9]
150 []
151 []
152 [6]
153 []
154 []
155 []
156 []
157 []
158 []
159 []
160 []
161 []
162 []
163 []
164 []
165 []
166 []
167 []
168 []
169 []
170 []
