0 [6]
1 [19  6]
2 [19  6]
3 [19]
4 []
5 [19]
6 [19]
7 [19]
8 []
9 []
10 []
11 []
12 []
13 []
14 []
15 [6]
16 [6]
17 [6]
18 [6]
19 [19  6]
20 [6]
21 [19  6]
22 [6]
23 [19  6]
24 [ 6 19]
25 [19  6]
26 [6]
27 [6]
28 [19  6]
29 [19]
30 [19]
31 [19  9]
32 [ 6 19  9 16]
33 [19  6  9]
34 []
35 []
36 []
37 [19 31]
38 [19]
39 [19]
40 [19]
41 [19]
42 [19]
43 [19]
44 [19]
45 [19]
46 [19]
47 []
48 []
49 [19]
50 []
51 []
52 []
53 []
54 []
55 [19]
56 []
57 [19  9]
58 [19]
59 [19  9]
60 [19 26]
61 [19]
62 [19]
63 [19]
64 [4]
65 [19]
66 [4]
67 []
68 [19]
69 [19  6]
70 [19  4]
71 [19]
72 [19]
73 [19  4]
74 [19]
75 [19]
76 [19]
77 [19 19]
78 [19 10]
79 [19]
80 [19  9]
81 [19]
82 [19]
83 [19]
84 [19]
85 [19]
86 [19  4 10]
87 [19]
88 [19]
89 [19 26]
90 [19 26]
91 [19 26]
92 [19 26]
93 [19]
94 [19 10]
95 [19]
96 [19]
97 [19 33]
98 [19]
99 [19 19]
100 [19]
101 [19]
102 [19 33]
103 [19]
104 [19]
105 [19 26]
106 [19]
107 [19]
108 [19]
109 [19]
110 [19]
111 [19]
112 [19]
113 [19]
114 [19]
115 [19]
116 [19]
117 [19]
118 [19]
119 [19 19]
120 [19]
121 [19]
122 [19]
123 [19]
124 [19]
125 [19 26]
126 [19]
127 [19]
128 [19]
129 [19]
130 [19]
131 [19]
132 [19]
133 [19]
134 [19]
135 [19]
136 [19]
137 [19]
138 [19]
139 [19]
140 [19]
141 [19]
142 [19 26]
143 [19]
144 [19 26]
145 [19]
146 [19]
147 [19]
148 [19]
149 [19]
150 [19]
151 [19]
152 [19]
153 [19]
154 [19]
155 []
156 []
