0 [19 28]
1 [28]
2 [19 28]
3 [28 28  9]
4 [28 28 19 28]
5 [28 28 28]
6 [19 28 28]
7 [28 28  9 19  4]
8 [19 28 28]
9 [19 28 28]
10 [19 28 28]
11 [28 28 28 19]
12 [28 28]
13 [19 28 28]
14 [28 19 28]
15 [28 28]
16 [28 28]
17 [28 19 28]
18 [28  9]
19 [28 28  9]
20 [28 19 27]
21 [28 19]
22 [28  3]
23 [28]
24 [28]
25 [ 9 28]
26 [28  9 16  9]
27 [28 30  9 28 16]
28 [30 28 28 27]
29 [28 28  9 30 28]
30 [28 28 30]
31 [30 27 28]
32 [30 30 28]
33 [30 30 28]
34 [30 30 19 28]
35 [19 30 30 19 28]
36 [30 30 28]
37 [28 19 30 28]
38 [28  9 30]
39 [19 28 30 28]
40 [28  9 30 19 30]
41 [28 30  9 10]
42 [30 27  9 19]
43 [7]
44 [28  9 19]
45 [19 28]
46 [28 30  9]
47 [28 30 28]
48 [19 28 19 28 30  9 28]
49 [28 28 30 19 27 28]
50 [28 19 28 28 26]
51 [28 19 30 28]
52 [30]
53 [28 30]
54 [28 28 30  9 10]
55 [32 28 30 30]
56 [28]
57 [28]
58 [30 19 28]
59 [30 28 19]
60 [30 28  9]
61 [30 28 19]
62 [30 28  9]
63 [19 28 30]
64 [28 30 19]
65 [28 30 19]
66 [30 28 19]
67 [19 30 28 28]
68 [19 28]
69 [28  9 19 30]
70 [30 19 19 28]
71 [19 19 28 30]
72 [28 28]
73 [28]
74 [19 28]
