0 []
1 [11 21]
2 [11 21]
3 [9]
4 [ 9 21 12]
5 [11 12 21]
6 [19]
7 [19]
8 [21 11]
9 [19]
10 [12]
11 [19 11 21]
12 [11 21 12]
13 [11 21 12]
14 [11 21]
15 [11 12]
16 [11 12]
17 [11]
18 [11]
19 [11 12 21]
20 [11 19 12]
21 [19 11]
22 [11 19 12]
23 [12 11]
24 [19 11]
25 [11 19 12]
26 [19 11 12]
27 [11 12]
28 [11 21 12]
29 [11 21 12]
30 [11 21 12]
31 [11]
32 [21 12]
33 [12]
34 []
35 [12]
36 []
37 []
38 [12]
39 [19 12]
40 [12]
41 [19 12]
42 [19 12]
43 [19 12]
44 [19 12]
45 [19 12]
46 [19 12]
47 [19 12]
48 [19 12]
49 [12]
50 [19 12]
51 [19 12]
52 [12]
53 [12]
54 [12]
55 [19 12]
56 [19 21 12]
57 [19]
58 [19 12]
59 [21 12]
60 [19 12]
61 [19 12]
62 [ 9 12]
63 [12  9]
64 [19 12]
65 [12 19 12]
66 [19 12]
67 [19]
68 [19 12]
69 [19 12]
70 [19  9 12]
71 [19 12  9 26 26]
72 [19 12]
73 [19  9]
74 [19]
75 [19]
76 [19]
77 [19 12]
78 [19]
79 [19 12]
80 [19 12]
81 [19 12  9]
82 [19  9 12 12]
83 [19 12  9]
84 [19  9 12]
85 [19 12 17]
86 [9]
87 []
88 [ 9 19]
89 [19 12]
90 [19  9 12]
91 [19 12  9]
92 []
93 []
94 [19  9]
95 [19 12]
96 [19 12]
97 [19 12]
98 []
99 []
100 []
101 [19  9]
102 [19]
103 [19 12]
104 [19 12]
105 [19 12]
106 [19 12]
107 [19 12]
108 [ 9 19 12]
109 [19  9 21 12]
110 [19 21 12]
111 [19 12]
112 [19 12]
113 [19 21 12]
114 [19 12]
115 []
116 []
117 [19 12]
118 [19 12]
119 [19 19 12]
120 [19]
121 [19]
122 []
123 []
