0 [ 9  9 19]
1 [ 9 19]
2 [9]
3 [9 9]
4 [9 9]
5 [9]
6 [19  9]
7 [ 9 12 19]
8 [19  9 12  9]
9 [19  9]
10 [ 9  9 19]
11 [19  9]
12 [ 9  9 19]
13 [ 9 19]
14 [19  9]
15 [ 9 19]
16 [ 9 19]
17 [19  9]
18 [19  9  9]
19 [ 9 19]
20 [ 9 19]
21 [19  9]
22 [ 9 19]
23 [ 9 19  9]
24 [ 9 19]
25 [19  9]
26 [ 9 19]
27 [ 9 19]
28 [ 9 19]
29 [19  9]
30 [ 9 19]
31 [ 9 19]
32 [ 9 19]
33 [9]
34 [19  9]
35 [9]
36 [9]
37 [ 9 19]
38 [ 9 19]
39 [19  9  9 15]
40 [9]
41 [9]
42 [ 9 19]
43 [9]
44 [9]
45 [12]
46 [19]
47 [12]
48 [ 9 19]
49 [9]
50 [9 9]
51 [12]
52 [9]
53 [ 9  9 12]
54 [19  9]
55 [9]
56 [9]
57 [ 9 19 12]
58 [ 9 19]
59 [9 9]
60 [ 9 19]
61 [ 9 19]
62 [ 9 19]
63 [ 9 19]
64 [19  9  9]
65 [ 9 19  9]
66 [ 9  9 19]
67 [ 9  9 19]
68 [ 9 19]
69 [9]
70 [9]
71 [ 9 19]
72 [ 9  9 28 19]
73 [ 9 19]
74 [9 9]
75 [ 9 19  9]
76 [ 9 19  9]
77 [ 9 19]
78 [ 9 19  9]
79 [12  9]
80 [9 9]
81 [9 9]
82 [ 9 19  9]
83 [ 9 19]
84 [9 9]
85 [9 9]
86 [ 9  9 19]
87 [19  9]
88 [ 9 19]
89 [9]
90 [ 9  9 19 32]
91 [ 9  9 19]
92 [9 9]
93 [9]
94 [ 9 19 12]
95 [12 19]
96 [12 19]
97 [ 9 19]
98 [ 9  9 19]
99 [ 9 19  9]
100 [ 9 19  9]
101 [19]
102 [19  9 12]
103 [9]
104 [ 9 19]
105 [ 9 12 15]
106 [ 9 19]
107 [ 9 19]
108 [ 9 19]
109 [ 9 28 19]
110 [ 9 19]
111 [9]
112 [9]
113 [ 9 12]
114 [9]
115 [ 9 12 19]
116 [9 9]
117 [ 9 19 12]
118 [ 9  9 12 19]
119 [19  9]
120 [ 9 19]
121 [19 12 12]
122 [19 12 12]
123 [ 9 19]
124 [19  9 12]
125 [19  9 12]
126 [ 9 12]
127 [ 9 12]
128 [12 19  9]
129 [19  9]
130 [19  9]
131 [19  9]
132 [19  9]
133 [ 9 19  9]
134 [12  9  9  9]
135 [ 9 19]
136 [19  9]
137 [19  9 12]
138 [ 9 19]
139 [ 9 19 12]
140 [ 9 12 19]
141 [19  9]
142 [ 9 19]
143 [ 9 19]
144 [9]
145 [ 9 12]
146 [9]
147 [ 9 19]
148 [9]
149 [ 9 19]
150 [19  9]
151 [ 9 19]
152 [19  9]
153 [19  9]
154 [19 12]
155 [ 9 19 12]
156 [19  9 12]
157 [12 19]
158 [19 12]
159 [19]
160 [19]
161 [19]
162 [19]
163 [19]
164 [19]
165 [19  9]
166 [19]
167 [19  4]
168 [19]
169 [19]
170 [19]
171 [19]
172 [19]
173 [19]
174 [19]
175 [19]
176 [19]
177 [19 12]
178 [19]
179 [19]
180 [19]
181 [19 12]
182 [12 19]
183 [19]
184 [19]
185 []
186 [9 9]
187 [9 9]
188 [9 9]
189 [9 9]
190 [9]
191 [19]
192 [19 12]
193 [9]
194 [9 9]
195 [9]
196 [9]
197 [9]
198 [ 9  9 19]
199 [9]
200 [9]
201 [9 9]
202 [19]
203 [9]
204 [ 9 12]
