0 []
1 []
2 []
3 []
4 []
5 []
6 []
7 []
8 []
9 []
10 []
11 [3]
12 [19  3]
13 [19  3]
14 [ 3 19]
15 [19  3]
16 [19  3]
17 [19 19  3]
18 [19  3]
19 [19 19  3]
20 [19  3]
21 [19  3]
22 [19  3]
23 [19  3]
24 [19 19  3 20]
25 [19  3]
26 [19  3]
27 [19  3]
28 [19  3]
29 [19  3]
30 [19  3]
31 [19  3]
32 [19  3]
33 [19 34  3]
34 [19  3]
35 [19  3]
36 [19  3]
37 [19  3]
38 [19  3]
39 [19 34  3]
40 [19  3]
41 [19  3]
42 [19  3]
43 [19  3]
44 [19  3]
45 [19  3]
46 [19  3]
47 [19  3]
48 [19  3]
49 [19  3]
50 [19  3]
51 [19]
52 [19]
53 [19 34]
54 [19  3]
55 [19  3]
56 [19  3]
57 [19  3]
58 [19  3]
59 [19  3]
60 [19  3]
61 [19  3]
62 [19  3]
63 [19  3]
64 [19  3]
65 [19  3]
66 [19  3]
67 [19  3]
68 [19  3]
69 [19  3]
70 [19  3]
71 [19]
72 [19  3]
73 [19  3]
74 [19 34  3]
75 [19  3]
76 [19  3 12]
77 [19  3]
78 [19  3 12]
79 [19 12  3]
80 [19]
81 [19 12  3]
82 [19  3 12]
83 [19  3]
84 [19  3 12]
85 [19  3]
86 [19 12  3]
87 [19  3 12]
88 [19 12  3]
89 [19 12]
90 [19 12  3]
91 [ 9 12 21]
92 [19]
93 [ 9 12]
94 [12]
95 [12]
96 [ 9 12]
97 [12]
98 [19 12]
99 [19 12]
100 [19 12]
101 [19 12]
102 [19]
103 [19 12]
104 [19 12]
105 [19 12]
106 [19 12]
107 [19 12]
108 [19 12]
109 [19 12]
110 [ 9 12]
111 [ 9 12]
112 [12]
113 [12 19]
114 []
115 [12  9]
116 []
117 []
118 [17 12  3]
119 [12]
120 []
121 [12 19]
122 [19 12]
123 [19 12]
124 [19 12]
125 [19 12]
126 [19 12]
127 [19 12]
128 [19 12]
129 [19 12]
130 [19 12]
131 [19 12]
132 [19 12]
133 [19 12]
134 [19 12  1]
135 [19 12]
136 [19 12 12]
137 [19 12]
138 []
139 []
140 []
141 []
142 []
143 []
144 []
145 []
146 []
147 []
148 []
149 []
150 []
151 []
152 []
153 []
154 []
155 []
156 []
157 []
158 []
159 []
160 []
161 []
