0 []
1 []
2 []
3 [19]
4 [9]
5 [19]
6 [19]
7 [19]
8 [19]
9 [19]
10 [9]
11 [19]
12 [19]
13 [19]
14 [19]
15 [9]
16 [17]
17 [16]
18 []
19 [1]
20 []
21 [19  9]
22 [19]
23 [19]
24 [19]
25 [ 8 17]
26 []
27 []
28 []
29 [8]
30 [8]
31 []
32 []
33 [8 4]
34 [19]
35 [19]
36 [19]
37 [19  9]
38 [19]
39 [19]
40 [19]
41 [19]
42 []
43 [19]
44 [19]
45 [19]
46 [19]
47 [19]
48 [19]
49 [19]
50 [19]
51 [19]
52 []
53 []
54 []
55 []
56 [19]
57 [19]
58 [19]
59 [19]
60 [19]
61 [19]
62 [19]
63 []
64 []
65 []
66 [19]
67 [19]
68 [19]
69 [19]
70 []
