0 []
1 []
2 []
3 []
4 [37]
5 [37]
6 []
7 [7]
8 [7]
9 [7]
10 [7]
11 [7]
12 [7]
13 [7]
14 [7]
15 [12  7]
16 [12  7]
17 [7]
18 [7]
19 [7]
20 [7 7 4]
21 [1 7]
22 []
23 [7]
24 [7]
25 [7]
26 [10  7]
27 []
28 [20  7]
29 []
30 [20]
31 [20  7  6]
32 [12]
33 []
34 []
35 [12]
36 [12]
37 []
38 []
39 [12]
40 []
41 []
42 []
43 []
44 [12]
45 [12]
46 [12]
47 []
48 []
49 [9]
50 [9]
51 [12  9]
52 [12]
53 [12]
54 [12]
55 [12]
56 [12]
57 [12]
58 [12]
59 []
60 []
61 [12]
62 [12]
63 [12]
64 []
65 [12]
66 []
67 [12]
68 []
69 []
70 []
71 []
72 []
73 []
74 []
75 []
76 []
77 []
78 []
79 [12]
80 [12]
81 []
82 [12]
83 [12]
84 []
85 []
86 [9]
87 []
88 []
89 []
90 []
91 []
92 [17]
93 [7]
94 [7]
95 [7]
96 [17]
97 []
98 []
99 []
100 []
101 []
102 [12]
103 [12]
104 [12]
105 [12]
106 [12]
107 []
108 []
109 []
110 [1]
111 []
112 [12]
113 []
114 [12]
115 []
116 [1]
117 [12]
118 [ 1 12]
119 []
120 []
121 []
122 []
123 []
124 []
125 []
126 [12]
127 []
128 []
129 []
130 []
131 []
132 [1]
133 [1]
134 []
135 [12]
136 [12]
137 [12]
138 [12]
139 [12]
140 [1]
141 []
142 []
143 [17]
144 [17]
145 [17]
146 [17]
147 []
148 []
149 []
150 []
151 []
152 []
153 []
154 []
155 []
156 []
157 []
158 []
159 []
160 []
161 []
162 []
163 []
164 []
165 [27]
166 []
167 []
168 []
169 []
170 [18]
171 []
172 []
173 [12]
174 [12]
175 []
176 [12]
177 []
178 []
179 []
180 [12]
181 [12]
182 [12]
183 []
184 []
185 [12]
186 [6]
187 []
188 [6]
189 []
190 [6]
191 [6 7]
192 []
193 []
194 []
195 []
196 [12]
197 [12]
198 [12  9]
199 [12]
200 []
201 [12]
202 [12]
203 [12  9]
204 [12]
205 []
206 []
207 []
208 []
209 []
210 []
211 []
212 []
213 []
214 []
215 []
