0 []
1 []
2 []
3 []
4 []
5 []
6 []
7 []
8 []
9 []
10 []
11 [4]
12 [38  6]
13 [ 6 38]
14 [38  6]
15 [38  6]
16 [38  6]
17 [38  6]
18 [ 6 38]
19 [38]
20 [4]
21 []
22 []
23 [8]
24 []
25 []
26 []
27 [6]
28 [6]
29 [6 7]
30 [6 7]
31 [6]
32 [6]
33 [6]
34 [7]
35 [7 6]
36 [4 7]
37 [7]
38 [7 2]
39 [6]
40 [7 6]
41 [18  6]
42 [ 6  7 18]
43 [6]
44 [6]
45 [7 6]
46 [6]
47 []
48 [6 7]
49 [14  6]
50 [38  6 14]
51 [38  6 14]
52 [14  6]
53 [14 38  6]
54 [38 14  6]
55 [38 14  6]
56 [ 6 38]
57 [6]
58 []
59 [38  6 14]
60 [ 6  2 18]
61 [ 6 38]
62 [6]
63 [6]
64 [ 6 38]
65 [6]
66 [38  6 14]
67 [38  6 38 14]
68 [ 6 38 14 38]
69 [ 6 14 38]
70 [14  6 38]
71 [6]
72 [ 6 14]
73 [ 6 14]
74 [6]
75 [6]
76 [7 6]
77 [6]
78 [ 6 14]
79 [ 6 14]
80 [6]
81 [ 6 14]
82 [1]
83 [1]
84 [6]
85 [6]
86 [ 6 18]
87 [6]
88 [6]
89 []
90 [6]
91 []
92 []
93 []
94 [7]
95 [14]
