0 []
1 []
2 [19]
3 [19]
4 [19]
5 []
6 []
7 []
8 [11]
9 [11]
10 [19]
11 [19]
12 [19]
13 [19]
14 [19]
15 [19]
16 [19]
17 [19]
18 [19]
19 [ 3 38]
20 [3]
21 [3]
22 []
23 [38]
24 [38  3 31]
25 [38  3 31]
26 [19]
27 [19]
28 [19]
29 [19]
30 [ 2 15]
31 [2]
32 [19  2]
33 [12]
34 [12]
35 [17 12]
36 [ 9 12]
37 [10]
38 [19 17]
39 [19 17 17]
40 [17]
41 [12]
42 [17]
43 [12 19]
44 [ 9 17 17]
45 [17]
46 [17 12]
47 [17]
48 [17]
49 [31]
50 []
51 []
52 []
53 []
54 []
55 []
56 []
57 []
58 [19  2]
59 []
60 []
61 []
62 [19]
63 [6]
64 [19]
65 [6]
66 []
67 []
68 []
69 []
70 [19 37 26]
71 [19 26]
72 [19]
73 [19]
74 [19 37]
75 [19]
76 [19]
77 []
78 []
79 [2]
80 [2]
81 []
82 []
83 []
84 []
85 []
86 [15]
87 []
88 [3]
89 []
90 []
91 []
92 []
93 []
94 []
95 [3]
96 [11]
97 [11]
98 []
99 []
100 []
101 [19]
102 [19]
103 [19]
104 [1]
105 [1]
106 []
107 []
108 [12]
109 [3]
110 []
111 [3]
112 [19]
113 []
114 []
115 [19]
116 [19]
117 [19]
118 [19]
119 [19]
120 [19]
121 [19]
122 [19 31]
123 []
124 []
125 [19]
126 [19]
127 [19]
128 [19]
129 [19]
130 [19]
131 [19]
132 [19  3 37]
133 [19  3 34]
134 [19]
135 []
136 []
137 []
138 []
139 []
140 []
141 []
142 []
143 []
