0 [19  6 21]
1 [21 19  6]
2 [19  1]
3 [19 10]
4 [38 19]
5 [19 38 38]
6 [38 38 19 38  6]
7 [19  6 38]
8 [19  6]
9 [19 38 21]
10 [19 21]
11 [19 21  6]
12 [19 21  6 21]
13 [19 21]
14 [6]
15 [6]
16 [6]
17 [6]
18 [6]
19 [ 6 19]
20 [ 6 19]
21 [ 6 19 19]
22 [6]
23 [6]
24 [6]
25 [19  6]
26 [19  6]
27 [ 6 19]
28 [6]
29 [6]
30 [ 6 19]
31 [6]
32 [ 6 19]
33 [6]
34 [6]
35 [6]
36 [19  6]
37 [6]
38 [6]
39 [6]
40 [19 19  6]
41 [19  6 19 17]
42 [19  6]
43 [19 19  6]
44 [19 19  6 38]
45 [ 6 19]
46 [ 6 38]
47 [19  6]
48 [ 6 19]
49 []
50 [19]
51 [19]
52 [4]
53 [19 22 11]
54 [19 22]
55 [19 11 22]
56 [19]
57 [19 19]
58 [19 19]
59 [19]
60 [19]
61 [19]
62 []
63 [21 19  6]
64 [6]
65 [19  6]
66 [6]
67 [6]
68 [6]
69 [6]
70 [6]
71 [14]
72 [ 6 14]
73 [ 6 14]
74 [6]
75 [6]
76 [6]
77 [6]
78 [19  6]
79 [19  6]
80 [ 6 19 21]
81 [ 6 21 19]
82 [6]
83 [ 6 19]
84 [6]
85 [19  6]
86 [ 6 19 19]
