0 [6]
1 [6]
2 [6]
3 [6]
4 [19]
5 []
6 [19  6]
7 [6 7]
8 [ 6 19]
9 [6]
10 [ 6 19]
11 [6]
12 [6]
13 [6]
14 [ 6 19]
15 [6]
16 [ 6 19]
17 [6]
18 [ 6 19]
19 [ 6 14]
20 [6]
21 [ 6 10]
22 [6]
23 [6 7]
24 [6]
25 [ 6 19]
26 [6]
27 [6 7]
28 [6]
29 [6]
30 [6 7]
31 [6]
32 [6]
33 [6]
34 [6]
35 [6]
36 [6]
37 [6]
38 [ 6 19]
39 [6]
40 [6]
41 [6]
42 [ 6 14]
43 [6]
44 [6]
45 [6]
46 [ 6 10]
47 [6]
48 [6]
49 [14]
50 [6]
51 [6]
52 [6]
53 [6]
54 [6]
55 [6]
56 [ 6 19]
57 [ 6 19]
58 [ 6 10]
59 [6]
60 [6]
61 []
62 [6]
63 []
64 [6]
65 [6]
66 []
67 [2]
68 [ 6 19]
69 [6]
70 [6]
71 [6]
72 [6 7]
73 [6]
74 [6 7]
75 [6]
76 [ 6 19]
77 [6 7]
78 [6]
79 [6 7]
80 [6]
81 [6]
82 [6]
83 [6]
84 [6]
85 [6 7]
86 [10]
87 [6]
88 [19 13]
89 [19]
90 [19]
91 [19]
92 [19]
93 [19]
94 [19]
95 [19]
96 []
97 [19]
98 [19]
99 [19]
100 [19]
101 [19]
102 [19]
103 [19]
104 [19]
105 [19]
106 [19]
107 [19]
108 [19]
109 [19]
110 [19 12]
111 [19]
112 [19]
113 [19]
114 [19]
115 [19]
116 [19]
117 [19]
118 [19]
119 [19]
120 [19]
121 [19]
122 [19]
123 [19]
124 [19]
125 [19]
126 [19]
127 [19]
128 [19]
129 [19]
130 [19]
131 [19]
132 [19 12]
133 [13 15]
134 []
135 [4]
136 [27 19]
137 []
138 []
139 []
140 []
141 []
142 []
143 [12]
144 [12 19]
145 [ 6 19]
146 [6]
147 [6]
148 []
149 [19]
150 []
151 []
152 [6]
153 []
154 []
155 []
156 [9]
157 [9]
158 [19]
