0 []
1 []
2 []
3 []
4 []
5 []
6 []
7 [21]
8 [21  3]
9 [21  3]
10 [21  3 12]
11 [21  3]
12 [21 12  3]
13 [21  3 12]
14 [21 12  3]
15 [21 12]
16 [21 19 12 21  3]
17 [21 12 21  3]
18 [21 21 12  3]
19 [21 19  9 12]
20 [19 21 12  4 21]
21 [19 21 12]
22 [19 21 12  4]
23 [21 19  9 12 21]
24 [19 21  9 21 12]
25 [21 19  9 12 21 12]
26 [21 19 12 12]
27 [19  9 21 12 21 12]
28 [19 21 21 12  9 12]
29 [21 19 21 12  9 12]
30 [21 19 12 12 21  9]
31 [19 21 21 12 12  9]
32 [21 19 12 12 21  9]
33 [21 19 21 12 12  9]
34 [19 21 12 21  9 12]
35 [21 19 21  9 12]
36 [21 19 21 12 12  9]
37 [21 19 12 21 12  9]
38 [19 21 21 12 12  9]
39 [19 21 12  9 12]
40 [19 21 12 12]
41 [19 21 21 12 12]
42 [19 21 21 12 12  9]
43 [21 19 21  9 12]
44 [21 19 21 12 12]
45 [19 21  9 12 12 21]
46 [19 21 12 21 12]
47 [21  9 21 19 12 12]
48 [21 19 21  9 12]
49 [21 19  9 12 12  3]
50 [19 21  9 21 12 12]
51 [19 21 21 12  9]
52 [19 21  9 12 21]
53 [21 19  9 12 12 21]
54 [19 21  9 21 12]
55 [19 21  9 12]
56 [21 19  9 12 12]
57 [21 12 19]
58 [21 12 19 12]
59 [19 21 21 12]
60 [19 21 21]
61 [19 21 21 12 12  9]
62 [21 21 12 12  9]
63 [21 19 21 12 12]
64 [21 19 12 12]
65 [21 19 12 12]
66 [21 12 19 12]
67 [21 19  1 12 12]
68 [19 21 12 12]
69 [19 21 21 12 12]
70 [21 19 21 12 12  3]
71 [21 12 19]
72 [19 21 21 12]
73 [19 21 12 21]
74 [19 21 21 12]
75 [21 19 21 12]
76 [21 21 12]
77 [19 21 21 12]
78 [19 21 12 21 12]
79 [21 19 21 12]
80 [21 19 12]
81 [21 12 19]
82 [19 21 12]
83 [19 21 12 32]
84 [19 21  9 12]
85 [19 21  9 12 12]
86 [21  9 19 12]
87 [ 9 21 19 21 12 12]
88 [19 21 21 12]
89 [19 21  9 12]
90 [19 21  9 12 12]
91 [21 19 12 12]
92 [19 21 12 12]
93 [21 12 19 12  9]
94 [19 21 12 12]
95 [19  9 12]
96 [19 12]
97 [19 12]
98 [19 21 12]
99 [21  9 19 12 12]
100 [19 21 12  9 12]
101 [21 19 12]
102 [19 21 21 12]
103 [19 21 21 12]
104 [21  9 19 12 12 21]
105 [21 19 12]
106 [21 12 12]
107 [21 19 12 12]
108 [19 21 21 12]
109 [19 21 12  9 12]
110 [19 21 21 12  9 12]
111 [21 19  9 21 12]
112 [19 21 21 12]
113 [21  9 19 12 21 12]
114 [21 19 12 12]
115 [21 19  9 12 21 12]
116 [21 19 12  9]
117 [21 19  9 12]
118 [19 21 12  9 12  3]
119 [19 21 21 12  9  3]
120 [19 21 12  9 21]
121 [19 21 21 12 34]
122 [19 21 21 12]
123 [21 19 21 12]
124 [21 19 21]
125 [19 21 21  3 12]
126 [19 21  9  3 11 12]
127 [19 21 17 11  3]
128 [21 19 12]
129 [19 21 21  3 12]
130 [19 21  9  3 12 11]
131 [19 21  9 21 12]
132 [19 21  9 12 21  3]
133 [21 19  9 12 12]
134 [21 19 12  9 12 21  3]
135 [21 19  9 12 12 21 17]
136 [21 19  9 12]
137 [21 19  9 21 12]
138 [19 21 12 12]
139 [21 19 12]
140 [19 21 12 12  9]
141 [21 19 12  9 21]
142 [19 21 12 12  9]
143 [21 19 21 12]
144 [21 19 21 12]
145 [19 21 21 12 12]
146 [19 21 12]
147 [21 19 12  3]
148 [19 21 12 21 12]
149 [21 19 21 12]
150 [21 19 21 12  9 12]
151 [21  9 19 12 21 12]
152 [19 21 12  9  3]
153 [19 21 12  3]
154 [21 19 12  3]
155 [38]
156 []
157 []
158 []
159 []
160 []
161 []
162 []
163 []
164 []
165 []
166 []
167 []
168 []
169 []
170 []
171 []
172 []
173 []
174 []
175 []
176 []
177 []
178 []
