0 []
1 []
2 [16]
3 []
4 [19]
5 [19]
6 [4]
7 [4]
8 [19 13]
9 []
10 [19]
11 [19]
12 [19]
13 [ 4 19]
14 [4 9]
15 [19 13]
16 [19]
17 [19 13]
18 []
19 []
20 [19]
21 []
22 [19  4]
23 [22  4]
24 []
25 []
26 [19]
27 [19]
28 [19 19]
29 [19 19  9 21]
30 [19  4 19  4]
31 [19]
32 [19 19]
33 [19 19 22 34]
34 [19 19  9]
35 [19  4  9 22]
36 [19  9  4  9  4]
37 [19  9 21  4]
38 [19  9 19]
39 [19]
40 [19 19  9 22]
41 [19  9 26]
42 [22 19  9  4  4]
43 [22  4  9  4 17]
44 [ 4 22  9  4]
45 [ 4 19  9 22  4]
46 [ 4 21  9 19 21  4]
47 [ 4 19 21  9]
48 [19 21  4]
49 [19  4 19]
50 [19 19]
51 [19]
52 [19]
53 [19]
54 [19]
55 []
56 [19]
57 [19]
58 []
59 [19]
60 [19]
61 [19]
62 [19]
63 []
64 []
65 []
66 []
67 []
68 []
69 [19]
70 [19]
71 [19]
72 [19]
73 [19]
74 [19]
75 [19]
76 [19]
77 [19]
78 []
79 [19]
80 [19]
81 [19]
82 [ 4 17]
83 [19  4  7]
84 [9 7]
85 []
86 [4]
87 [19]
88 []
89 []
90 []
91 []
92 [ 4 17]
93 [7]
94 []
95 []
96 [19 17]
97 [19]
98 [19]
99 [19]
100 [19 17]
101 [19]
102 []
103 []
104 []
105 [19  9]
106 [19]
107 [19]
108 [19]
109 [19  4]
110 [ 4 19 17]
111 [ 4 19 17]
112 [ 4 19]
113 [ 4 19]
114 [ 4 19]
115 [ 4 19]
116 [19  4]
117 [19  4]
118 [19  4]
119 [ 4 19]
120 [19  4]
121 [19  4]
122 [19  4]
123 [19  4 19  4]
124 [19  4  9]
125 [19]
126 [19]
127 [ 4 19 17]
128 [ 4 17]
129 [ 4 17]
130 [ 4 17]
131 [4]
132 []
133 []
134 []
135 []
