0 []
1 []
2 [3]
3 [3]
4 [12]
5 []
6 []
7 []
8 [12]
9 []
10 []
11 []
12 [9]
13 [9 9]
14 [9]
15 [9]
16 [9]
17 []
18 []
19 [2]
20 []
21 []
22 []
23 []
24 []
25 []
26 []
27 []
28 [12]
29 []
30 []
31 []
32 []
33 []
34 [2]
35 [2]
36 []
37 []
38 []
39 []
40 []
41 []
42 []
43 []
44 [7]
45 []
46 []
47 [2]
48 []
49 [2]
50 []
51 [17]
52 []
53 []
54 []
55 []
56 []
57 []
58 []
59 []
60 []
61 []
62 []
63 []
64 []
65 [12]
66 []
67 [10]
68 []
69 []
70 []
71 []
72 [12]
73 []
74 []
75 []
76 []
77 []
78 [17]
79 []
80 []
81 []
82 []
83 []
84 []
85 []
86 []
87 []
88 [3]
89 []
90 []
91 [12]
92 []
93 []
94 []
95 [3]
96 []
97 []
98 []
99 []
100 [2]
101 []
102 [19]
103 []
104 []
105 []
106 [3]
107 []
108 []
109 [3]
110 []
111 []
112 []
113 []
114 []
115 []
116 []
117 []
118 []
119 [3]
120 []
121 []
122 []
123 []
124 []
125 []
126 []
127 []
128 []
129 []
130 []
131 []
132 []
133 []
134 []
135 []
136 [12]
137 [12]
138 []
139 []
140 []
141 [3]
142 [3]
143 []
144 [3]
145 []
146 []
147 []
148 []
149 [3]
150 []
151 []
152 []
153 []
154 []
155 [3]
156 []
157 []
158 []
159 []
160 []
161 [3]
162 []
163 []
164 []
165 [3]
166 [3]
167 [3]
168 []
169 [3]
170 [3]
171 [3]
172 []
173 []
174 []
175 []
176 []
