0 [19 15]
1 []
2 []
3 [19 13  4]
4 [19 13  6  4  7 18]
5 [13  4  1 18]
6 [13  4 19]
7 [13 18]
8 [13]
9 [13]
10 [13]
11 [13]
12 [13]
13 []
14 []
15 []
16 []
17 []
18 []
19 []
20 []
21 []
22 []
23 []
24 [19]
25 [19  6]
26 [19]
27 [19  6]
28 [19  6]
29 [19  6]
30 [19  6 13]
31 [19  6 13]
32 []
33 [2]
34 [2]
35 [2 1]
36 [19 13]
37 [19 13]
38 [13]
39 [13]
40 [13]
41 [13 19]
42 [13 19  1]
43 [13 19]
44 [13]
45 [13]
46 [13]
47 [13]
48 [13]
49 [13]
50 [13 19]
51 [13 19]
52 [13 19 15]
53 [13 19 15]
54 [13 19]
55 [19]
56 [19]
57 [13 19]
58 [1]
59 []
60 [19 13]
61 [13 19]
62 [13 19 15]
63 [13 19]
64 []
65 []
66 []
67 [13]
68 [13  2]
69 [13]
70 []
71 []
72 []
73 []
74 []
75 [15]
76 []
77 [13 19]
78 [13 15]
79 [13 19]
80 []
81 [15 13]
82 [13]
83 [19 15]
84 [19]
85 []
86 [13]
87 []
88 [13 19]
89 [13 19]
90 [13]
91 [13]
92 [13]
93 [13 19]
94 [13 19]
95 [13 19]
96 [13 19]
97 [13 19]
98 [2]
99 [18]
100 [ 2 18]
101 [2]
102 [18  2]
103 [18]
104 [19 12]
105 [19 12]
106 [19]
107 [19]
108 [15]
109 []
110 [2]
111 [2]
112 []
113 [19]
114 [19]
115 [19 12]
116 [19]
117 []
118 [2]
119 [19]
120 [19]
121 [18]
122 []
123 [2]
124 []
125 []
126 []
127 []
128 []
129 []
130 [19  4]
131 [13]
132 [13]
133 [13]
134 [13]
135 [13 19]
136 [18 13]
137 [ 2 18]
138 [13 19]
139 [13 19]
140 []
141 [13  2]
142 [13]
143 [13  2]
144 [18  2]
145 [2]
146 [19 15]
147 [13 19]
148 [13 19 15]
149 []
150 [18]
151 [13 19]
152 [19 13]
153 []
154 [13]
155 []
156 [15]
157 []
158 [13]
159 [13]
160 [13]
161 []
162 [13]
163 [13]
164 [19 13]
165 [13 19 18 15]
166 [19 13]
167 [19 13]
168 [19  1 13]
169 []
170 [19]
171 [19]
172 [19 13]
173 [19]
174 [19]
175 [19]
