0 [19]
1 []
2 [3]
3 [3]
4 [3]
5 [3]
6 []
7 [3]
8 [21 13]
9 []
10 [ 3 17  9]
11 [3]
12 [3]
13 [3]
14 [3]
15 [3]
16 [19]
17 [3]
18 [19  3]
19 [3]
20 []
21 []
22 []
23 [9]
24 []
25 []
26 []
27 []
28 [3]
29 [3]
30 [3]
31 [19  3]
32 [3]
33 [3]
34 [3]
35 [3]
36 [3]
37 [3]
38 [3]
39 []
40 [3]
41 [3]
42 [3]
43 [3]
44 [3]
45 [26]
46 [19]
47 [19]
48 [19  3]
49 [3]
50 [3]
51 [3]
52 [ 3 21]
53 []
54 []
55 []
56 [9]
57 []
58 []
59 []
60 [3]
61 [19]
62 [19]
63 [19]
64 [19 19]
65 []
66 []
67 []
68 [19  1]
69 []
70 [3]
71 [3]
72 []
73 []
74 []
75 [3]
76 []
77 []
78 [3]
79 [3]
80 [24]
81 []
82 [3]
83 [1]
