0 [21 19]
1 [21]
2 [19 21]
3 [21 19]
4 [19]
5 [21]
6 [19]
7 [21  6]
8 [19 21  6]
9 [38 19]
10 [19]
11 [19 21]
12 [21]
13 [19]
14 [21 19]
15 [21]
16 [38 21  6]
17 [21]
18 []
19 [21  6]
20 [21 38]
21 []
22 []
23 [21]
24 [21]
25 [21]
26 [21  6]
27 [21]
28 [19 21]
29 [38]
30 [21]
31 [21]
32 [21]
33 [19 21 38]
34 [19 38 21 37]
35 [19 21 37]
36 [19]
37 [21]
38 [38]
39 []
40 [19 21]
41 []
42 []
43 [19]
44 [19]
45 [19 21 38]
46 [21 38]
47 [19 21 38]
48 [19  6]
49 [38  6]
50 []
51 []
52 [21]
53 []
54 [38 37 21 19]
55 [38]
56 [21 38  6]
57 [21]
58 [38]
59 []
60 []
61 []
62 [21 19]
63 [21]
64 [21 38 38]
65 [38 38 21 38  6]
66 [21 38]
67 []
68 []
69 []
70 [19]
71 [21 19]
72 [19]
73 [19]
74 [19]
75 [19]
76 [19]
77 [19 38]
78 [19 21]
79 [19 19]
80 [19]
81 []
82 []
83 []
84 []
85 [21]
86 []
87 []
88 []
89 []
90 []
91 [19 37]
92 [37 19]
93 [19 21]
94 []
95 [21 38]
96 [ 6 19]
97 []
98 []
99 []
100 []
101 [38]
102 []
103 []
104 [6]
105 []
106 [19]
107 []
108 []
109 [38]
110 [21 38]
111 [6]
112 [19 21]
113 []
114 [21 19]
115 []
116 [21  6 19]
117 [38 19]
118 [38]
119 []
120 []
121 [38]
122 [38]
123 [38]
124 [38]
125 [38 21]
126 [21 38]
127 [38]
128 [38]
129 []
130 [19 38]
131 [38]
132 [38 21]
133 [38 21]
134 [21 38]
135 [21 19]
136 [21]
137 [38]
138 []
139 []
140 [21]
141 [38 21 38]
142 [21]
143 [21]
144 [21 19]
145 [21 19]
146 [38]
147 [38]
148 [38]
149 [19 38 21]
150 [38 21]
151 [38 19 21]
152 [21]
153 [6]
154 [38 38]
155 [38 21 38]
156 [38 19 38]
157 [38 38]
158 [21]
159 [38]
160 [21]
161 [21 38]
162 [38 38]
163 [38 38]
164 [38 21  6]
165 [21  6]
166 [21 38]
167 [19 38]
168 []
169 [38]
170 [19 21 38 37]
171 [38]
172 [21 38 19 38]
173 [21 19]
174 [21]
175 [21]
176 [19 38]
177 []
178 [38]
179 [38]
180 [38]
181 [38]
182 [38 38 21]
183 [38 38 21]
184 [38 21]
185 [38]
186 [38 38]
187 [38 38]
188 []
189 [38 38]
190 [38]
191 [38 38 21]
192 [21]
193 [21]
194 [38 21 38]
195 [38 38 38]
196 [38 21 38]
197 [38]
198 [38]
199 []
200 []
201 [38 38 21 19]
202 [21 38 19]
203 [21 38 19]
204 [37 19 38]
205 []
206 [38]
207 [21]
208 [21]
209 [38 21]
210 [21]
211 []
212 [38 21]
213 [38]
214 [38]
215 []
216 [21]
217 [21]
218 [21]
219 [21 38]
220 []
221 [38 21]
222 [38]
223 [21]
224 [21]
225 [38 21]
226 [21 38]
227 [21]
228 [21]
229 []
230 [19]
231 [38 21]
232 [19  1]
233 [38 21]
234 [38]
235 [21 38]
236 []
237 [21 38]
238 []
239 [38]
240 [19]
241 [19 38]
242 [38]
243 [38 19]
244 [38 19 38]
245 []
246 []
247 []
248 [38]
249 [38 38 21]
250 [38 21]
251 [38 21]
252 [38 21]
253 []
254 [38 19]
255 [38]
256 [21]
257 [38 21]
258 [38 21]
259 [38 21]
260 [21]
261 [38 21]
262 [21]
263 [21]
264 [19 21]
265 [38 21]
266 [38 21]
267 [21]
268 [38 19]
269 [38 21]
270 [38 21]
271 [21]
272 [19 38 19]
273 [19 21]
274 [21]
275 [21]
276 [19 21]
277 [19]
278 [19 21]
279 [19 21]
280 [19]
281 [19 21 38]
282 [21 19]
283 [21 19]
284 [21 19]
285 [19 21]
286 [19 21]
