0 [19]
1 [19]
2 [19]
3 [21]
4 [19]
5 [19]
6 [19  4]
7 [19]
8 [19  5  4]
9 [19  5]
10 [19  5 19]
11 [19 20  5]
12 [19 10]
13 [19  5]
14 [19  5]
15 [19  5 10]
16 [19 10]
17 [19 10  5]
18 [10]
19 [14]
20 [14]
21 [14]
22 [9]
23 [19  9 10  5]
24 [10]
25 [10]
26 [10  9]
27 [10 19]
28 [10 16]
29 [16 10]
30 [10 16]
31 [10 16  9]
32 [10  9]
33 [10 19]
34 [ 9 10]
35 [10]
36 [10  9]
37 [19 10]
38 [19 10 16]
39 [10 16]
40 [10 19  9 16]
41 [10 19 16]
42 [10  9 16]
43 [10]
44 [19 10 16]
45 [10 19  9]
46 [10]
47 [16 10]
48 [19 10]
49 [14]
50 []
51 [14]
52 [14]
53 [14]
54 [14]
55 [14]
56 [14]
57 [19 10]
58 [19 10]
59 [19 10 16]
60 [10 19 16]
61 [16 10]
62 [10 16]
63 [19 10  9]
64 [16  9]
65 [14]
66 [14]
67 [19 14]
68 [14]
69 [14]
70 [19 14]
71 []
72 [14]
73 []
74 []
75 []
76 []
77 [5]
78 [5]
79 [5]
80 [5]
81 [5]
82 [5]
83 [5]
84 []
85 [9]
86 [ 9  9 10]
87 [19  9]
88 [19  9]
89 []
90 [ 9  6 16]
91 [19]
92 [9]
93 [16  5]
94 [19]
95 [16]
96 [ 9 16]
97 [9]
98 [19]
99 [9]
100 []
101 [16  9]
102 [19]
103 [19]
104 [16  9]
105 [9 5]
106 [ 5 16  9]
107 [19  5]
108 [ 9 19]
109 [19 10]
110 [19  5]
111 [19  5  9]
112 [19  5]
113 [19  5]
114 [19  5]
115 [19  5]
116 [5]
117 [19  5]
118 [9 5]
119 [19  5]
120 [19  5 29]
121 [19  5]
122 [19  5]
123 [19]
124 [19  5]
125 [ 5 19]
126 [19  5]
127 []
128 []
129 [19 14]
130 [19 14]
131 [19 14]
132 [19]
133 [19 14]
134 [19]
135 [19 10]
136 []
137 []
138 [19]
139 [19]
140 []
141 [19]
142 [19]
143 [19]
144 [19]
145 [19]
146 [19]
147 [19]
148 [19]
149 [19]
150 [19]
151 [19 19]
152 [19]
153 [19]
154 [19]
155 [19]
156 [19]
157 [19]
158 []
159 []
160 [19]
161 []
162 [19]
163 [19]
164 [19]
165 [19]
166 [19]
167 [19]
168 [19]
169 [19]
170 [19]
171 [19]
172 [19]
173 [19]
174 [19]
175 [19]
176 [19 19]
177 [19]
178 [19]
