0 [11  6]
1 [11]
2 [11  6]
3 [11]
4 [11]
5 [11]
6 [11]
7 [11]
8 [11]
9 [11]
10 [11]
11 [11  6]
12 [11]
13 [3]
14 [3]
15 [9]
16 [17]
17 []
18 [17]
19 [9]
20 [9]
21 [1]
22 [17]
23 [17]
24 [17]
25 [3]
26 [3]
27 []
28 []
29 []
30 [1]
31 []
32 [17]
33 []
34 [17]
35 []
36 [17]
37 []
38 [17]
39 []
40 []
41 []
42 []
43 []
44 []
45 []
46 []
47 [17]
48 [17]
49 [3]
50 [3]
51 [3]
52 []
53 [17]
54 [17]
55 []
56 []
57 []
58 [17]
59 []
60 []
61 [3]
62 []
63 []
64 []
65 []
66 []
67 []
68 [1]
69 [1]
70 [12]
71 [1]
72 []
73 [15]
74 []
75 []
76 [3]
77 []
78 []
79 []
80 [3]
81 []
82 []
83 []
84 [17]
85 []
86 [3]
87 [3]
88 [3]
89 []
90 [17]
91 []
92 []
93 []
94 []
95 []
96 []
97 [17]
98 [3]
99 [3]
100 [3]
101 [3]
102 [3]
103 [3]
104 [3]
105 []
106 [1]
107 [1]
108 []
109 []
110 [1]
111 []
112 [1]
113 []
114 [1]
115 [3]
116 [3]
117 []
118 []
119 []
120 []
121 [3]
122 [17]
123 [3]
124 [3]
125 [3]
126 [17  1]
127 []
128 [1]
129 [17]
130 [17]
131 [ 1 17]
132 []
133 []
134 []
135 []
136 []
137 [1]
138 [1]
139 [1]
140 [1]
141 [3]
142 [3]
143 [3]
144 [3]
145 []
146 []
147 []
148 [17]
149 []
150 []
151 [3]
152 []
153 []
154 [17]
155 []
156 []
157 [17]
158 [17]
159 []
160 []
161 []
162 []
163 []
164 [15]
165 [3]
166 []
167 []
168 []
169 [1]
170 []
171 [17]
172 []
173 []
174 []
175 []
176 []
177 [3]
178 []
179 [10]
180 []
181 []
182 []
183 []
184 []
185 [10]
186 [10]
187 []
188 [3]
189 []
190 [3]
191 [3]
192 [3]
193 [3]
194 [3]
195 [3]
196 [3]
197 [3]
198 []
199 []
200 []
201 []
202 []
203 []
204 []
205 []
206 []
