0 []
1 [1]
2 []
3 [19]
4 []
5 [19]
6 []
7 [19]
8 [19]
9 [19 17]
10 [ 9 17]
11 [17]
12 [19]
13 [19]
14 [17  1]
15 [17  1]
16 [6]
17 []
18 []
19 [19]
20 []
21 [19 17  4 17]
22 [19]
23 [19]
24 [19]
25 [19]
26 [19 21]
27 [19]
28 [19]
29 [19]
30 [19]
31 [19]
32 [19]
33 [19]
34 [3]
35 [3]
36 []
37 []
38 [19]
39 [19]
40 [19]
41 [19]
42 [19]
43 [19]
44 [19]
45 [19]
46 [19 19 19]
47 [19]
48 []
49 [19]
50 [19]
51 [19  1]
52 [19  4 19]
53 [19 19 34]
54 [19]
55 [19]
56 [19]
57 [19]
58 [19]
59 []
60 [19]
61 [19]
62 []
63 [19]
64 [19]
65 [19]
66 [19]
67 [19]
68 [19]
69 [19]
70 [19]
71 [19]
72 [19]
73 [19]
74 [19]
75 [19]
76 [19]
77 [ 3 19]
78 [19]
79 []
80 [ 1 19]
81 []
82 [19]
83 [19]
84 [11]
85 []
86 [2]
87 [ 2 19]
88 [19 34  3]
89 [17  3 19]
90 [17  3  1 17]
91 [17]
92 [17]
93 [17]
94 [19]
95 [19]
96 [19]
97 []
98 []
99 []
100 []
101 []
102 []
