0 []
1 []
2 []
3 []
4 []
5 [4 7]
6 [4 7]
7 [7 4]
8 [1]
9 []
10 [7 4]
11 [7 9]
12 []
13 []
14 [19  9]
15 [19  9]
16 [9]
17 [19]
18 []
19 [9]
20 []
21 []
22 [19  9]
23 [19 10  9]
24 [19  7]
25 [19]
26 [7]
27 [ 7 19]
28 [9]
29 [ 9 19]
30 []
31 []
32 []
33 []
34 [19]
35 [19]
36 []
37 [9 4]
38 [ 9 17]
39 [9]
40 [9 8]
41 []
42 [9 4]
43 [9]
44 [9]
45 [9 4]
46 [19]
47 [19]
48 [9]
49 [ 9 19]
50 [4 9]
51 [15  9]
52 [15  9]
53 [15  9]
54 [19]
55 [19]
56 [19]
57 [9]
58 []
59 [2]
60 []
61 [7]
62 [7]
63 []
64 [ 7 17  4]
65 [17  7]
66 [19 19 10]
67 [19 10]
68 [19 10]
69 [8 1]
70 [8]
71 [8]
72 []
73 [19  9  8]
74 [9]
75 [9]
76 []
77 []
78 [8]
79 [4]
80 [4]
81 [19]
82 []
83 []
84 []
85 []
86 [9 8]
87 [19  9  8]
88 [9]
89 [9]
90 [9 9]
91 [7]
92 []
93 []
94 [7]
95 []
96 [8 9]
97 [19  9]
98 [ 7 19]
99 [19]
100 [19]
101 [7]
102 [7]
103 [7]
104 [9]
105 [19]
106 [19 10]
107 [10]
108 []
109 [19]
110 [19]
111 []
112 [19]
113 []
114 [7]
115 [7]
116 [7]
117 [7 4]
118 [7]
119 [7]
120 [ 7 17]
121 [7]
122 []
