0 []
1 [19]
2 [19 36 32]
3 [19]
4 [19 17]
5 [19]
6 [19]
7 [19 19 17]
8 [19  3]
9 [3]
10 [19]
11 [19 19]
12 [19 19]
13 [19 19]
14 [ 1 19 19]
15 [19 19]
16 [19]
17 [19]
18 [19]
19 [19]
20 [19]
21 [19 17]
22 [19  3 17 17]
23 [ 3 17 19  4]
24 [19  3 17]
25 [ 3 17  4]
26 [19  3 17]
27 [ 3 19 17  4]
28 [19  3 17  4]
29 [19  3 34  4 17]
30 [ 3 19 34  4 17]
31 [19  3 34 17]
32 [ 3 19 17]
33 [19  3  4]
34 [19  3 34  4]
35 [17  3  4]
36 [ 3 19 34]
37 [19  3  4]
38 [ 3  4 34 17]
39 [ 3 17 19]
40 [ 3 19 34]
41 [ 3 19 34]
42 [19  3]
43 [3]
44 [ 3 19]
45 [19 34  3]
46 []
47 [2]
48 [19]
49 []
50 []
51 []
52 []
53 [17]
54 [17 17 15]
55 [19]
56 [19]
57 []
58 [19]
59 [19]
60 [19 17]
61 []
62 [34]
63 [19]
64 []
65 []
66 []
67 []
