0 []
1 []
2 []
3 []
4 []
5 []
6 []
7 []
8 []
9 []
10 []
11 []
12 []
13 [9]
14 []
15 []
16 [19]
17 [19]
18 [19]
19 [19]
20 [19 34]
21 [19]
22 [19]
23 [19]
24 [3 4]
25 []
26 [19]
27 []
28 []
29 []
30 []
31 [1]
32 [4 1]
33 [19  4  1]
34 []
35 []
36 []
37 []
38 [19]
39 [19  3]
40 [19  4]
41 []
42 [9]
43 [9]
44 []
45 []
46 [19]
47 [19]
48 [19]
49 []
50 [19]
51 []
52 []
53 []
54 [19]
55 [19  3]
56 []
57 []
58 [9]
59 [19]
60 [19]
61 []
62 []
63 [ 9 33]
64 [19  3]
65 [19]
66 []
67 [19]
68 [19]
69 []
70 []
71 []
72 [19  3]
73 []
74 []
75 [19]
76 [19]
77 []
78 []
79 []
80 []
81 [4]
82 [9]
83 []
84 [9 4]
85 [ 9 19]
86 [9]
87 [9]
88 [9 4]
89 [19]
90 [6]
91 [9]
92 [9]
93 []
94 [19]
95 [19]
96 [19]
97 [19  4]
98 [9 4]
99 [9]
100 [19]
101 [9]
102 [19]
103 []
104 [19  4]
105 [9]
106 [9]
107 [19]
108 []
109 [19  9]
110 [19]
111 [19]
112 [19]
113 [19]
114 []
115 []
116 []
117 []
118 [19]
119 [19  4]
120 [19]
121 [ 4 19]
122 [19 14]
123 [19 14]
124 [14]
125 [19 14]
126 [19 14]
127 []
128 []
129 [19]
130 []
131 [14]
132 []
133 []
134 []
135 []
136 []
137 []
138 []
139 []
140 []
141 []
142 []
143 []
144 []
145 []
146 []
147 []
148 []
