0 [19]
1 [19]
2 [19]
3 [19]
4 [19]
5 [19]
6 [19]
7 [19]
8 [19]
9 [19]
10 []
11 [19]
12 [19]
13 [19]
14 [19]
15 [19]
16 [19]
17 [19]
18 [19]
19 [19]
20 [19]
21 [19]
22 [19]
23 [19]
24 [19]
25 [19]
26 [19]
27 [19]
28 [2]
29 [19]
30 [19]
31 [19]
32 [38 14]
33 [38 14]
34 [14]
35 [19]
36 [38 19 14 10]
37 [38 10]
38 [38 14 10]
39 [38 14]
40 [14 38]
41 [14 38]
42 [38 14]
43 [14]
44 [38 14]
45 [38 14 10]
46 [38 14]
47 [38 14]
48 [14 38]
49 [38 14]
50 [38 14]
51 [38 14]
52 [ 6 10]
53 [19 12]
54 [6]
55 [6]
56 [ 6  9 10]
57 [19 10]
58 [6]
59 [10]
60 [10]
61 [ 6 10  9]
62 [6 3 4]
63 [19  6 38  4 10]
64 [38 10  4]
65 [19  6 19 10]
66 [19 10]
67 [10  4]
68 [19 10  4]
69 [19 10  4]
70 [19]
71 [19]
72 [19]
73 [9]
74 [6]
75 [ 6 19 19]
76 [19 19]
77 [19 10  6]
78 [19  4 10]
79 [4 6]
80 [6 4 7]
81 [10  4]
82 [4 6]
83 [6 4]
84 [ 4  6 10]
85 [19  4 10]
86 [19  4 10]
87 [ 6 19 10  4]
88 [ 6  4 10]
89 [10  4  6]
90 [19 38  4 10]
91 [ 4 10 14]
92 [ 4 14 10]
93 [19  4 10]
94 [19  4 10]
95 [14  4]
96 [14  4]
97 [14  4]
98 [ 4 14]
99 [ 4 14]
100 [14  4]
101 [14  4]
102 [14  4]
103 [14  4]
104 [14  4]
105 [19 38]
106 [38 19 38]
107 [38 38 19]
108 [38 19]
109 [38 19]
110 [19 38]
111 [19 38]
112 [19 38]
113 [19 38 38]
114 [38 19]
115 [16]
116 [38 38  2]
117 [19 38]
118 [38]
