0 []
1 []
2 []
3 []
4 []
5 []
6 []
7 []
8 []
9 []
10 []
11 []
12 []
13 []
14 []
15 []
16 []
17 []
18 []
19 [6]
20 [6]
21 [6]
22 [ 6 28]
23 []
24 []
25 []
26 [6]
27 [6]
28 [10]
29 [10]
30 [ 6 14]
31 [14]
32 []
33 []
34 []
35 []
36 [14]
37 []
38 [6]
39 [6]
40 [28  6]
41 [28]
42 [28]
43 [28]
44 [28]
45 [14]
46 [8]
47 [6]
48 [6]
49 [6]
50 []
51 []
52 []
53 [28  6]
54 [28  6]
55 [28  6]
56 [ 6 14]
57 [6]
58 [6]
59 [6]
60 [6]
61 [6]
62 []
63 [6]
64 []
65 [17]
66 []
67 [6]
68 [28  6]
69 [6]
70 [ 6 19]
71 [6]
72 [6]
73 [6]
74 [6]
75 [6]
76 [28  6]
77 [28  6]
78 [28  6]
79 [ 6 30]
80 [ 6 14 28]
81 [ 6 28]
82 [6]
83 [30]
84 []
85 [14 30]
86 [28 14 12]
87 [28 14]
88 [14]
89 [14]
90 [28 14]
91 [28 14]
92 [28 14]
93 [28 12]
94 [28 14]
95 [28 14]
96 [28 12]
97 [28 12]
98 [28 12]
99 [6]
100 [6]
101 [28 14  6]
102 [ 6 28 14]
103 [ 6 28]
104 [28  6]
105 [28  6]
106 [ 6 28]
107 [28  6]
108 [28  6]
109 [7]
110 [4]
111 []
112 []
113 [7]
114 [6]
115 []
116 [6]
117 []
118 [14]
119 [28]
120 [28]
121 [28]
122 []
123 [7 6]
124 [ 6 28]
125 [6]
126 [6 2]
127 [14 28]
128 [28 14]
129 [28 30]
130 [28 14]
131 []
132 [6]
133 []
134 []
135 [6]
136 [14  6]
137 [14]
138 [14]
139 [14]
140 [14 28]
141 [28 14]
142 [28]
143 [28]
144 [28]
145 [28  6]
146 [28  6]
147 [ 6 28]
148 [ 6 28]
149 []
150 [3]
151 []
152 [17]
153 [6]
154 [6]
155 [ 6 28]
156 [ 6 14]
157 []
158 [14]
159 [9]
160 []
161 []
162 [14]
163 [28]
164 [14]
165 [28]
166 [1]
167 [28  6]
168 [28  6]
169 [ 6 28]
170 [28  6]
171 []
172 [6]
173 []
174 []
175 []
176 [28]
177 [28  6]
178 [28]
179 [28]
180 [28  6]
181 [28]
182 [28  6]
183 [ 6 28]
184 []
185 [28  6]
186 [30]
187 []
188 []
189 []
190 []
191 []
192 []
193 []
194 [28  6]
195 [6]
196 [6]
197 [6]
198 [6]
199 [6]
200 [6]
201 [6]
202 [6]
203 [6]
204 [6]
205 []
