0 [20]
1 []
2 []
3 []
4 []
5 [6]
6 [6]
7 [16  8]
8 [16  8]
9 [4 7]
10 [7]
11 [6]
12 [6]
13 [14]
14 [19]
15 []
16 [19  9]
17 [4 9 9]
18 [9 4]
19 [16  9]
20 [8 4]
21 [8 4]
22 []
23 []
24 [4]
25 [14]
26 []
27 [6]
28 [6]
29 [9 4 8 6]
30 [9]
31 [9 4]
32 [8]
33 []
34 [9 7]
35 [ 9 19]
36 [ 9 19]
37 [8]
38 [8]
39 []
40 [9 8]
41 [9]
42 [9]
43 [9]
44 [9]
45 [2]
46 [2]
47 [19  9 19 14]
48 [19  9 19 14]
49 [16]
50 [16  6  7]
51 [6]
52 [6]
53 [6]
54 [6]
55 [6]
56 []
57 []
58 [6]
59 [19 19 19]
60 [19]
61 []
62 []
63 []
64 []
65 []
66 []
67 []
68 []
69 []
70 []
