0 [38]
1 [38]
2 [38]
3 [38]
4 [38]
5 [38]
6 [38]
7 [19 22  9]
8 [19 22]
9 [19]
10 [19  9]
11 [19 22]
12 [19 22]
13 [19]
14 [19  9]
15 [19  9]
16 [19  9]
17 [19  9]
18 [19]
19 [19 22]
20 [19  9]
21 [19]
22 [19  9 22]
23 [19  9 22]
24 [19  9 22]
25 [19 22]
26 [19 22]
27 [19 22]
28 [19 22]
29 [19]
30 [19 22]
31 [19 22]
32 [19 22]
33 [19  9 22]
34 [19 22]
35 [19  9 22]
36 [19  9 22]
37 [19  9 22]
38 [19  9 22]
39 [19  9 22]
40 [19  9 22]
41 [ 9 19 22]
42 [19  9 22]
43 [19 22]
44 [19 22]
45 [19 22]
46 [19 34 22]
47 [19 22]
48 [19 22]
49 [19]
50 [19 22]
51 [19]
52 [19 22]
53 [19 22  9]
54 [19 22 11  1]
55 [19 22]
56 [19 22]
57 [19 22]
58 [19 22 11]
59 [19 22]
60 [19]
61 [19 22]
62 [19 22]
63 [19  9 22 17]
64 [19 22]
65 [19 22]
66 [19 22]
67 [19 11 22]
68 [19 22]
69 [19 22]
70 [19 22]
71 [19]
72 [19  9 22 11]
73 [19  9 22 11]
74 [19  9]
75 [19  9 22]
76 [19  9 22]
77 [19 22]
78 [19  9 22]
79 [19 17 22]
80 [19  9 17 22]
81 [19 17 22]
82 [19 22 11]
83 [19]
84 [ 9 22 19]
85 [22 11]
86 [19 22  9 17]
87 [19]
88 [11]
89 [ 9 19]
90 [22 19]
91 [22  9]
92 [19  9 22]
93 [19  9 11]
94 [11]
95 [19 34 22 11  1]
96 [19  9 22 11]
97 [ 9 19 22 11]
98 [ 9 19 22]
99 [19  9 22]
100 [19  9 22]
101 [ 9 19 22]
102 [19 22]
103 []
104 [19 22 11]
105 [19 22 17]
106 [19 22  9 17]
107 [19 22]
108 [ 9 19 11]
109 [19 11]
110 [19 22]
111 [19 22]
112 [19 22]
113 [19 22 11]
114 [19 22  9]
115 [19  1 22]
116 [34 22]
117 [19 34 22]
118 [19]
119 [19 11]
120 [ 9 19 11 22]
121 [ 9 11]
122 [ 9 11]
123 [19 22]
124 [19 22 11]
125 [19 34 11  4 22]
126 [19  9 22 17]
127 [19 22]
128 [19 22  9]
129 [ 9 11 22]
130 [19  9 22]
131 [19 22]
132 [19  9 22]
133 [19 22]
134 [ 9 11]
135 [19 22]
136 [19 12  9]
137 [ 9 22 19 11]
138 [19  9 22 11]
139 [22]
140 [ 9 19 11 22]
141 [19  9 22 11]
142 [19  9 22]
143 [ 9 19 22 11]
144 [19  9 22]
145 [19 22]
146 [19  9 22]
147 [19 22 11]
148 [ 9 19 22]
149 [19  1 22]
150 [19 11  9]
151 [19 22]
152 [19 11]
153 [19 22]
154 [19  9 11]
155 [19 22]
156 [19 22  1  9]
157 [19 22  1]
158 [19 22  9]
159 [19  1 22]
160 [19 22]
161 [19 22]
162 [19  9]
163 [ 1  2 22 19]
164 [19  1 11 17]
165 [19  1 22]
166 [ 1 19]
167 [1]
168 [19  1 22]
169 [19  1 22  2]
170 [19 34 22 11]
171 [19  1 34 22  2]
172 [19  1 22 11  4]
173 [11 22]
174 [19 22  1]
175 [ 2  1 22 11]
176 [19  1 22 11]
177 [19  1 22 11]
178 [19 22]
179 [19 22]
180 [19  1 22]
181 [19 34 11 22]
182 [19  9 22 11]
183 [11 19 22]
184 [19 19 22]
185 [19 22 11]
186 [19 22 11]
187 [19  9 22]
188 [19  9 22 11]
189 [22 19  9 11]
190 [ 9 19 22 11]
191 [19 22 11]
192 [19 22 11]
193 [19 22  9 11]
194 [19 22 11]
195 [19 22]
196 [19 22]
197 [19 22]
198 [19 22]
199 [19 22]
200 [19 22]
201 [19 22]
202 [19 22]
203 [19 22]
204 [19 22]
205 [19 22]
206 [19 22 11]
207 [19 22]
208 [19 22]
209 [19 22 11]
210 [19 22]
211 [19 22]
212 [19 22]
213 [19 22]
214 [19 22]
215 [19 22]
216 [19 22]
217 [19 22]
218 [19 22]
219 [19 22]
220 [19 22]
221 [19 22 11]
222 [19 22]
223 [19 22]
224 [19 22 11]
225 [19 22]
226 [19 22]
227 [19 22]
228 [19 22]
229 [19 22]
230 [19 22]
231 [19 22]
232 [19 22]
233 [19 22]
234 [19 22]
235 [19 22]
236 [19 22]
237 [19 22]
238 [19 22]
239 [19 22]
240 [19 22]
241 [19 22]
242 [19 22]
243 [19 22]
244 [19 22]
245 [19 22]
246 [19 22]
247 [19 22]
248 [19 22]
249 [19 22]
250 [22 19]
251 [19 22]
252 [19 22]
253 [19 22]
254 [19 22]
255 [19 22]
256 [19 22]
257 [19 22]
258 [19 22]
259 [19 22]
260 [19 22]
261 [19 22]
262 [19 22]
263 [19 22]
264 [19 22]
265 [19 22]
266 [19 22]
267 [19 22]
268 [19 22]
269 [19 22 11]
270 [19 22 11]
271 []
272 []
273 []
274 []
275 []
276 []
277 []
278 []
