0 [19 13]
1 [19 13]
2 [19 13]
3 [19 13]
4 [19]
5 [19]
6 [19 13]
7 [19]
8 [19]
9 [19]
10 [19 13]
11 [19]
12 [19 13]
13 [19]
14 [19]
15 [19]
16 [19 13]
17 [19 10]
18 [19 19]
19 [19 19]
20 [19]
21 [19]
22 [19]
23 [19]
24 [9]
25 [ 9 19]
26 [19  9]
27 [ 9 19]
28 []
29 [8 9]
30 []
31 []
32 []
33 []
34 [19]
35 []
36 [19]
37 [19]
38 []
39 []
40 [15]
41 []
42 [19]
43 [19]
44 [19]
45 [19 13]
46 [19 19 19]
47 [19]
48 [19 19 13]
49 [19 19 19  1]
50 [19 19 19 19]
51 [19 19]
52 [19 19]
53 [19 19]
54 [19 19 19]
55 [19 19]
56 [19 19]
57 [19]
58 [19 19 19]
59 [19 19]
60 [19 19 19]
61 [19 19 19 19 19]
62 [19 19 19 19 19]
63 [19 19 19]
64 [19 19 19 19]
65 [19 19 19 19 19 13]
66 [19 19 19 19 19]
67 [19 19 19 19]
68 [19 19 19]
69 [19]
70 [19]
71 []
72 [19 19 19 19]
73 [19 19]
74 [19 13]
75 [19 19]
76 [19 19]
77 [19 19 19 13  1]
78 [19 13]
79 [19]
80 [19 13]
81 [19]
82 [19 19]
83 [19 19 18]
84 [19 19]
85 [19 19]
86 [19]
87 [19 19  4]
88 [19 19]
89 [19]
90 [19 19]
91 []
92 [19]
93 [19 19]
94 [19 19]
95 [19 19]
96 [19 19 19]
97 [19 19]
98 [19 19 19]
99 [19 19]
100 [19 19]
101 [19 19]
102 [19]
103 [19]
104 [19 19]
105 [19 19]
106 [19 19]
107 [19 19]
108 [19 19]
109 [19 19 19]
110 [19 19]
111 [19 19]
112 [19 19]
113 [19]
114 [19]
115 [19 19]
116 [19]
117 [19]
118 [19 19]
119 [19]
120 [19 23 19]
121 [19]
122 [19]
123 [19]
124 [19]
125 [19]
126 [19]
127 [19]
128 [19]
129 [19]
130 [19]
131 [19]
132 [19]
133 [19]
134 [19]
135 [19]
136 [19 19]
137 [19]
138 [19]
139 [19 19]
140 [19]
141 [19]
142 [19]
143 []
144 [19 28]
145 [19 11]
146 []
147 [19 21]
148 [19 21]
149 [19]
150 [19  1]
151 [19 21]
152 [ 2 21 19]
153 [19 19 19 21]
154 [19 19 21  9]
155 [19 21 19]
156 [19 19 21]
157 [19]
158 []
159 []
160 [13]
161 []
162 []
163 []
164 []
165 []
166 [13]
167 [13]
168 [13]
169 []
170 [19]
171 []
172 [13]
173 [13]
174 []
175 []
176 [19 15]
177 []
178 [19]
179 [19]
180 [19]
181 [19 19]
182 [19 19]
183 [19 19]
184 [19 19 19]
185 [19 19 19]
186 [19]
187 [19 19 19]
188 [19]
189 [19 19]
190 [19]
191 [19]
192 [19 19]
193 [19]
194 [19 19]
195 [19]
196 [19]
197 [19 19 21 19 19]
198 [19 19 19 19 21 21]
199 [19 19 19 19 19 21]
200 [19 19 19 19 21 19 19]
201 [19 19 19 21 19 21 19 19]
202 [19 19 19 21]
203 [19 19 19 19 21 19]
204 [19 19 19 19 19 21 19]
205 [19 19 19 19 19 19]
206 [19 19 19 21 19]
207 [19 19 19 19 19 19]
208 [19 19 19 19 21 19  9]
209 [19 19 19 21]
210 [19 19 19 19]
211 [19 19]
212 [21]
213 [11]
214 [21]
215 [11 21]
216 [11]
217 [11  6]
218 [21]
219 [21 21]
220 [21]
221 [6]
222 [6]
223 [10]
224 []
225 []
226 [10]
227 [10]
228 []
229 [13]
230 [13]
231 []
232 []
233 []
234 []
235 []
236 []
237 []
238 []
239 [19]
240 [19]
