0 [13]
1 [13]
2 [13]
3 [13]
4 [13]
5 [13]
6 [13]
7 [13]
8 [13]
9 [13]
10 [13]
11 [13]
12 [13]
13 [13 19]
14 [19 13]
15 [13 19]
16 [13]
17 [13 19]
18 [19 13]
19 [13]
20 [13]
21 [13  9]
22 [13  9 19]
23 [13]
24 [13  9 19]
25 [13  9 19]
26 [13 15]
27 [13]
28 [13 19  4]
29 [13 19  9  4]
30 [13]
31 [13 19]
32 [13  9]
33 [13 19]
34 [13  9]
35 [13  9 19]
36 [13  9 19]
37 [13]
38 [13 16]
39 [13  9]
40 [13]
41 [13  9 15]
42 [13 16]
43 [13  9]
44 [13 16  9]
45 [13 16]
46 [13]
47 [13]
48 [13 19]
49 [13 19]
50 [19 13 18]
51 [19 18 13]
52 [13 19]
53 [19 13]
54 [13 19]
55 [13 19]
56 [13 19]
57 [13 19]
58 [13 19]
59 [13 19 18]
60 [13 19]
61 [13 19 18]
62 [13 19]
63 [13 19]
64 [13]
65 [13 19 18]
66 [13 19]
67 [19 13]
68 [19 13]
69 [19 13]
70 [13 19]
71 [13 19]
72 [13 19]
73 [13 19]
74 [13 19]
75 [13 19]
76 [13 19]
77 [19 13]
78 [13 19 14]
79 [13 19 14]
80 [13]
81 [13 19]
82 [13 19]
83 [19 13]
84 [13 19]
85 [19 13]
86 [19 13]
87 [19 13]
88 [13 19]
89 [13 19]
90 [13 19]
91 [13 19 18]
92 [19 13]
93 [19 13]
94 [19 13]
95 [19 13]
96 [13 19]
97 [19 13]
98 [13 19]
99 [13 19]
100 [13 19]
101 [19 13]
102 [13 19]
103 [19 13]
104 [19 13]
105 [13 19]
106 [19 13]
107 [19 13]
108 [13 19]
109 [13]
110 [13 19]
111 [13  1 15]
112 [13 19  1]
113 [18 13 19]
114 [13]
115 [13]
116 [13]
117 [13 19 15  1]
118 [13 19]
119 [13 19]
120 [13 19]
121 [19 13]
122 [13 19]
123 [19 13]
124 [13 19]
125 [13]
126 [13]
127 [13]
128 [13 19]
129 [13 19]
130 [13 19]
131 [13 19]
132 [13 19]
133 [13]
134 [13 19]
135 [13 19]
136 [13 19]
137 [13 19]
138 [13 19]
139 [13 19]
140 [13 19]
141 [13 19]
142 [19 13]
143 [13 19  4]
144 [13 19]
145 [13 19 37]
146 [13  9 19]
147 [13  9 19]
148 [13  9 19]
149 [13  9 19]
150 [13  9 19]
151 [13 19]
152 [13 19]
153 [13 19]
154 [13]
155 [13  9]
156 [13 19]
157 [13 19]
158 [19 13]
159 [19 13]
160 [19 13]
161 [13 19]
162 [19 13]
163 [13 19 18]
164 [19 13]
165 [13 19]
166 [13 19]
167 [13 19]
168 [19 13]
169 [13 19]
170 [13 19]
171 [13 19]
172 [13]
173 [13 19]
174 [13 19]
175 [13]
176 [13]
177 [13 19]
178 [13 19]
179 [13 19]
180 [13 19]
181 [13 19]
182 [13 19]
183 [13 19]
184 [13 19]
185 [13 19]
186 [13 19]
187 [19 13]
188 [13 19]
189 [13 19]
190 [19 13]
191 [19 13]
192 [13 19]
193 [13 19]
194 [13]
195 [13]
196 [13]
197 [13 19]
198 [13 19]
199 [13 19]
200 [13 19]
201 [13]
202 [13]
203 [13 19]
204 [13 19]
205 [19 13]
206 [19 13]
207 [13 19]
208 [13 19]
209 [19 13]
210 [13 19]
211 [13 19]
212 [13 19]
213 [19 13]
214 [13 19]
215 [13 19]
216 [19 13]
217 [19 13]
218 [13 19]
219 [13 19]
220 [13 19]
221 [19 13]
222 [13 19]
223 [13 19]
224 [13  1]
225 [13 19]
226 [13]
227 [13]
228 [13]
229 [13]
230 [13]
