0 []
1 []
2 []
3 []
4 [14]
5 []
6 [14]
7 [14]
8 []
9 [14]
10 [14]
11 []
12 [14]
13 [14]
14 [14]
15 [14]
16 [14]
17 [ 9 14]
18 [ 9 16]
19 [16  4  9  7]
20 [7]
21 [ 7  8 16]
22 [16  8]
23 []
24 [ 9  9 16]
25 [16  9]
26 [8 9]
27 [ 8  6 16]
28 [ 8  6 16]
29 [8 6]
30 [8]
31 [8]
32 [8]
33 [8]
34 [ 9 16]
35 [9 7]
36 [7 4]
37 [19  7  9 15]
38 [4]
39 [ 4 19]
40 [4]
41 [4]
42 [9]
43 [9]
44 [9]
45 [9]
46 []
47 [ 9 19]
48 []
49 [14]
50 [9 4]
51 [9]
52 [14 19]
53 [ 9 16]
54 [ 9 14 19]
55 [14 19]
56 [ 9 19]
57 [14]
58 [14]
59 [9]
60 [14 19]
61 [9]
62 [9]
63 [14  4]
64 [9]
65 [14]
66 [14]
67 [9]
68 [14]
69 [14]
70 [9]
71 [14  9]
72 [14]
73 [14]
74 [9]
75 [14]
76 [14]
77 [6 9]
78 [ 9 14]
79 [9]
80 [9]
81 [19 14]
82 [14  9]
83 [9]
84 [14]
85 [ 9 16]
86 [14  9]
87 [14]
88 [9]
89 [14]
90 [14  9]
91 [9]
92 [14]
93 [14  9]
94 [19  9]
95 [14]
96 [14]
97 [9]
98 [14]
99 [14  9]
100 []
101 [19 14]
102 [9]
103 [ 9 19]
104 [19 14]
105 [14]
106 [14]
107 [14 19]
108 [9]
