0 [3]
1 []
2 [3]
3 []
4 []
5 [3]
6 [3]
7 [3]
8 [3]
9 [3]
10 [3]
11 [3]
12 [3]
13 [3]
14 [3]
15 [3]
16 [3]
17 [3]
18 [3]
19 [3]
20 [3]
21 [15]
22 [1]
23 [3]
24 [3 1]
25 [3]
26 [3]
27 [3]
28 [3]
29 [3]
30 [3]
31 [3]
32 [3]
33 [3]
34 [3]
35 [3]
36 [3]
37 [3]
38 [3]
39 []
40 []
41 [3]
42 [3]
43 [3]
44 [3]
45 [3]
46 [3]
47 [3]
48 [3]
49 [3]
50 [3]
51 [3]
52 [3]
53 [3]
54 [3]
55 [3]
56 [3]
57 [3]
58 [3]
59 [3]
60 [3]
61 [3]
62 [3]
63 [3]
64 [3]
65 [3]
66 [3]
67 [3]
68 [3]
69 [3]
70 [3]
71 [3]
72 [3]
73 [3]
74 []
75 [3]
76 []
77 []
78 [3]
79 [3]
80 [3]
81 []
82 []
83 []
84 [3]
85 [3]
86 [3]
87 []
88 [3]
89 [3]
90 [3]
91 [3]
92 [3]
93 [3]
94 [3]
95 [3]
96 [3]
97 []
98 []
99 []
100 [3]
101 [3]
102 [3]
103 [3]
104 [3]
105 [3]
106 [3]
107 []
108 []
109 []
110 []
111 []
112 []
113 []
114 []
115 []
116 []
117 []
118 [3]
119 []
120 []
121 []
122 []
123 [3]
124 []
125 []
126 []
127 []
128 [3]
129 []
130 [3]
131 []
132 []
133 [3]
134 []
135 [3]
136 [3]
137 [3]
138 [3]
139 []
140 [3]
141 [3]
142 []
143 [3]
144 []
145 [3]
146 [3]
147 []
148 []
149 []
150 []
151 []
152 []
153 [3]
154 []
155 []
156 []
157 []
158 [3]
159 [3]
160 [3]
161 [3]
162 [3]
163 []
164 []
165 []
166 [3]
167 [3]
168 [3]
169 [3]
170 []
171 [3]
172 [3]
173 [3]
174 [3]
175 []
176 [3]
177 [3]
178 [3]
179 []
180 []
181 []
182 []
183 []
184 []
185 []
186 []
187 [10]
188 []
189 []
190 []
191 []
192 []
193 []
194 []
195 []
196 []
197 []
198 []
199 []
200 []
201 []
202 []
203 []
204 []
205 []
206 [3]
207 []
208 []
209 []
210 []
211 []
212 [1]
213 []
214 []
215 [17]
216 [1]
217 []
218 []
219 [3]
220 [3]
221 []
222 [3]
223 [3]
224 [3]
225 []
226 [3]
227 []
228 []
229 [3]
230 [3]
231 []
232 []
233 []
234 [3]
235 [3]
236 []
237 []
238 [3]
239 [3]
240 [3]
241 [3]
242 []
243 [3]
244 []
245 []
246 []
247 []
248 [1]
249 []
250 [3]
251 [ 3 12]
252 [12  3]
253 [3]
254 [3]
255 [3]
256 [3]
257 [3]
258 [3]
259 [3]
260 [3]
261 [3]
262 [3]
263 [3]
264 [3]
265 [3]
266 [3]
267 [3]
268 [3]
269 [3]
270 [3]
271 [3]
272 [3]
273 [3]
274 [3]
275 [3]
276 [3]
277 [3]
278 [3]
279 [3]
280 [3]
