0 []
1 []
2 []
3 []
4 []
5 []
6 []
7 []
8 []
9 []
10 []
11 []
12 []
13 []
14 []
15 [3]
16 [3]
17 [3]
18 [3]
19 []
20 []
21 []
22 []
23 []
24 [26]
25 []
26 []
27 [17]
28 [17]
29 [19]
30 [17]
31 [19  1]
32 [17 26]
33 [1]
34 [19]
35 [19]
36 [19]
37 [19  3]
38 [19]
39 [19  1 17]
40 [19  1  3 17]
41 [19  3]
42 [19]
43 [19]
44 [19  1  1  3]
45 [19  3]
46 [19  3  1]
47 [19  3  1]
48 [19  3  1]
49 [19  1  3]
50 [19  3  1]
51 [19  1  3]
52 [19  3  1]
53 [19  1  3  1]
54 [19  3]
55 [19  1  3]
56 [19  1  3]
57 [19  1  3]
58 [19  1  3]
59 [19]
60 [19]
61 [19  1]
62 [19]
63 [19  1]
64 [19  3]
65 [19  1]
66 [19  1 17]
67 [19  3]
68 [19]
69 [19]
70 [19]
71 [19]
72 [19]
73 [19]
74 [19  3]
75 [19  3]
76 [19]
77 [19]
78 [19]
79 [19  3]
80 [19  3]
81 [19  3]
82 [19]
83 [19  3]
84 [19  3]
85 [19  3]
86 [19  3]
87 [19  3]
88 [19  3]
89 [19  3]
90 [19  3]
91 [19  3  1]
92 [19  3]
93 [19  3]
94 [19  3]
95 [19  3]
96 [19  3]
97 [19]
98 [19  3]
99 [19  3]
100 [19  1  3]
101 [19  3]
102 [19  3]
103 [19  3]
104 [19  3]
105 [19  3]
106 [19  3]
107 [19  3]
108 [19  3]
109 [19]
110 [19]
111 [19  3]
112 [19  3]
113 [19  1  3]
114 [19]
115 [19]
116 [19]
117 [19]
118 [2]
119 [3]
120 [3 1]
121 []
122 [19  3 11]
123 [3 1]
124 [19  1  3]
125 [19  3]
126 [3]
127 [3]
128 [17  3]
129 [3]
130 [3]
131 [3]
132 [3]
133 [ 1 19]
134 [ 1 19]
135 [19]
136 [19  3  1]
137 [19]
138 [19]
139 [19]
140 [19]
141 [19  2]
142 []
143 [2]
144 [2]
145 [ 2 19]
146 []
147 [19]
148 [ 2 19]
149 [ 2 19]
150 [2]
151 [19]
152 []
153 [19  3]
154 [19]
155 [2]
156 [2]
157 []
158 [ 2 19  1]
159 [2 1]
160 [2]
161 [19 15]
162 [19]
163 [1]
164 [2]
165 [2]
166 [2]
167 []
168 [3]
169 [19  3 19]
170 [17]
171 [17 19]
172 [17  1]
173 [17]
174 [17]
175 [17]
176 [ 1 17]
177 [17  1]
178 [17  1]
179 [19 17  1]
180 [17  1]
181 [17 19]
182 [17 19  1]
183 [17 19  1]
184 [17  1]
185 [17]
186 [17]
187 [17  1]
188 [17]
189 [17]
190 [17]
191 [ 1 17]
192 [ 1 17]
193 [3]
194 [ 3 17  1]
195 [ 3  1 17 19]
196 [ 1 19  3 17]
197 [ 1 19  3 17]
198 [3 1]
199 []
200 [3]
201 [3]
202 [3]
203 [3]
204 []
205 [3]
206 [3]
207 [3]
208 [3]
209 [1]
210 [1]
211 [1 4]
212 [1]
213 []
214 [4]
215 [4]
216 [4]
217 [1 1]
218 [1]
219 [ 1 17]
220 [1]
221 [1]
222 [1 2]
223 [2 1]
224 [2]
225 [2]
226 []
227 []
228 [38  3]
229 [38  3]
230 [38  3]
231 [38  3]
232 [38  3]
233 [38  3]
234 [38  3]
235 []
236 []
237 []
238 []
239 []
240 []
241 []
242 []
243 []
244 []
245 []
246 []
247 []
248 []
249 []
250 []
251 []
252 []
