0 []
1 []
2 []
3 []
4 []
5 [19]
6 [19]
7 []
8 [19]
9 []
10 []
11 [19]
12 [19]
13 [19]
14 [19]
15 []
16 []
17 [19]
18 [19]
19 [19]
20 [19]
21 [19]
22 []
23 [19]
24 [19]
25 []
26 [19]
27 [19]
28 [19]
29 [19]
30 [19]
31 [19]
32 [19]
33 [19]
34 [19]
35 [19]
36 []
37 [19]
38 [19]
39 [19]
40 [19]
41 [19]
42 [19]
43 [19]
44 []
45 [19]
46 [19]
47 [19]
48 [19]
49 [19]
50 [19]
51 [19]
52 [19]
53 [19]
54 [19]
55 [19]
56 [19]
57 [19]
58 [19]
59 []
60 []
61 []
62 []
63 [19]
64 [19]
65 [19]
66 [19]
67 [19]
68 [19]
69 [19]
70 [19]
71 [19]
72 [19]
73 [19]
74 [19]
75 [19]
76 [19]
77 [19]
78 [19]
79 [19]
80 [19]
81 [19]
82 []
83 [19]
84 [19]
85 []
86 []
87 []
88 []
89 []
90 []
91 [19]
92 [19]
93 [19]
94 [19]
95 []
96 []
97 []
98 [19]
99 []
100 []
101 []
102 []
103 []
104 []
105 []
106 []
107 []
108 []
109 [19]
110 [19]
111 []
112 []
113 [4]
114 []
115 []
116 [4]
117 [4]
118 []
119 []
120 []
121 []
122 []
