0 []
1 [3]
2 []
3 [19  9]
4 [19]
5 [19  9  7]
6 [19]
7 [19]
8 [19]
9 [19  1]
10 []
11 [19]
12 [19]
13 [19  9]
14 [19]
15 [19 11]
16 []
17 [10]
18 []
19 []
20 []
21 [12]
22 []
23 [19 10]
24 [19 12]
25 [19  9]
26 [ 9 19]
27 [19]
28 [9]
29 [19 17 34]
30 [ 9 17]
31 [19  1  9]
32 [ 9 17]
33 [19 10]
34 [19]
35 [19]
36 [19 19 12]
37 [19 19  9  6 10]
38 [19 19  9]
39 [19 19 12]
40 [19 19  9]
41 [19 19]
42 [19 19 17]
43 [19 19 11]
44 [19 19 17  4]
45 [19 19 11]
46 [19 19 11]
47 [19 19]
48 [19]
49 [19 12]
50 [19  9 12]
51 [19 19]
52 [19 12]
53 [19 12]
54 [12 17  9]
55 [9]
56 [19  9 17]
57 [ 9 19 10]
58 [9]
59 [19 17]
60 [19]
61 [19]
62 [19]
63 [19 10]
64 [19 10]
65 [19 10]
66 [19]
67 [19 12 17]
68 [19 10]
69 [19 10]
70 [19 17]
71 [10]
72 [19]
73 [19 10]
74 [19  9 10]
75 []
76 [19 10]
77 [19 10]
78 [19 10 17]
79 [10 17]
80 [19  9 10]
81 [19 10]
82 [19 17  9 10]
83 [19]
84 [9]
85 [9]
86 [19  4  9]
87 [19  9 17]
88 [19]
89 [19  9]
90 [19]
91 [19]
92 []
93 []
94 []
95 []
96 []
97 []
98 []
99 []
100 []
101 []
102 []
103 []
104 [19]
105 [10]
106 []
107 []
108 []
109 []
110 []
111 []
112 [19]
113 []
114 [19]
115 []
