0 [6]
1 []
2 []
3 []
4 []
5 []
6 []
7 [14]
8 []
9 [6]
10 [19  6]
11 [ 6 19]
12 [6]
13 [6]
14 [6]
15 [6]
16 [6]
17 []
18 []
19 []
20 []
21 []
22 []
23 []
24 [6]
25 [6]
26 [6]
27 [6]
28 [6]
29 []
30 []
31 []
32 []
33 [19  6]
34 [19  6]
35 [6]
36 [6]
37 [6]
38 [6]
39 [6]
40 [19]
41 []
42 []
43 []
44 [6]
45 [6]
46 [6]
47 [ 6 19]
48 [19  6]
49 [19]
50 []
51 []
52 []
53 [6]
54 [6]
55 [6]
56 [6]
57 [6]
58 [6]
59 [6]
60 [6]
61 [22]
62 []
63 []
64 [6]
65 [ 6 19]
66 [ 6 19]
67 [19]
68 []
69 [19]
70 []
71 []
72 []
73 [23]
74 [6]
75 [6]
76 [6]
77 [6]
78 []
79 [6]
80 []
81 []
82 []
83 []
84 []
85 [19]
86 [6]
87 [6]
88 [6]
89 [6]
90 []
91 []
92 []
93 []
94 []
95 []
96 []
97 []
98 []
99 []
100 []
101 []
102 []
103 []
104 [6]
105 [6]
106 [6]
107 [19]
108 []
109 []
110 []
111 []
112 []
113 []
114 [6]
115 []
116 []
117 []
118 []
119 []
120 []
121 []
122 []
123 []
