0 []
1 []
2 []
3 []
4 []
5 [19]
6 [19  1  1 17]
7 []
8 []
9 [19]
10 []
11 []
12 []
13 []
14 []
15 [1]
16 []
17 []
18 [ 9 17]
19 []
20 []
21 []
22 []
23 []
24 []
25 [1]
26 []
27 []
28 []
29 []
30 [17]
31 []
32 []
33 []
34 [17]
35 []
36 [19]
37 [19]
38 [19]
39 [19]
40 [19]
41 []
42 []
43 []
44 []
45 []
46 []
47 []
48 []
49 []
50 []
51 []
52 [19]
53 []
54 []
55 []
56 [19  1]
57 [19]
58 [19]
59 [ 1 19]
60 [1]
61 [19  1]
62 []
63 []
64 []
65 []
66 []
67 []
68 [18]
69 []
70 [18]
71 [18]
72 [18]
73 [2 1]
74 [ 2 15]
75 [2 1]
76 [2 1 7]
77 [1]
78 [1]
79 [1]
80 [2]
81 [17]
82 [17]
83 [1]
84 [2]
85 [1 2]
86 [1 2]
87 [1]
88 []
89 []
90 []
91 []
92 []
93 [17]
94 [17]
95 []
96 []
97 [19]
98 []
99 []
100 [19]
101 []
102 []
103 [ 1 17]
104 [ 1 19]
105 []
106 [19]
107 [1]
108 [19]
109 [19]
110 []
111 []
112 []
113 [19]
114 []
115 []
116 [19]
117 [1]
118 []
119 []
120 []
121 []
122 []
123 []
124 []
125 []
126 [1]
127 [1]
128 []
129 []
130 [17]
131 []
132 []
133 []
134 []
135 []
136 []
137 [1 1]
138 []
139 []
140 [19]
141 [9]
142 [19  1 19]
143 []
144 []
145 [19 19]
146 [19  1]
147 []
148 [19]
149 [1]
150 [1]
151 [1]
152 [9]
153 []
154 []
155 []
156 []
157 []
158 []
159 []
160 [1 1]
161 [1 1]
162 [1]
163 [19  1 17]
164 [19]
165 [19  1]
166 [ 1 19]
167 [ 1 19]
168 [19  1]
169 [19]
170 []
171 []
172 [19]
173 []
174 []
175 []
176 []
177 []
178 [1]
179 [1]
180 []
181 []
182 []
183 []
184 [17  1]
185 []
186 [17]
187 []
188 []
189 [17]
190 [1]
191 [1]
192 [1]
193 [19  1]
194 []
195 []
196 []
197 []
198 []
199 [1 2]
200 []
201 []
202 []
203 []
204 []
205 []
206 []
207 []
208 []
209 []
210 [1 1]
211 [1]
212 [ 1 19]
213 [ 1 19]
214 [ 1 19]
215 [19  1]
216 [19 17]
217 []
218 []
219 [19  1 19]
220 []
221 []
222 [19]
223 [19]
224 [19 19]
225 [1]
226 []
227 []
228 [19  1]
229 [19]
230 [19 19]
231 [1]
232 [19  1]
233 [1]
234 [11]
235 [11]
236 [22]
