0 []
1 []
2 []
3 []
4 [ 3 38]
5 [ 3 38]
6 [38]
7 [3]
8 []
9 []
10 []
11 []
12 [2 1]
13 [2 1]
14 [2]
15 [1]
16 []
17 []
18 []
19 [1]
20 [1]
21 [1]
22 [1]
23 [1]
24 [2]
25 [2]
26 [2]
27 []
28 []
29 [3]
30 []
31 [2]
32 []
33 []
34 []
35 []
36 [3 2]
37 []
38 []
39 [1]
40 []
41 []
42 []
43 [3]
44 [1 2]
45 [2 1]
46 [3 2]
47 [3]
48 [3]
49 [3 4]
50 [3]
51 [ 4 12]
52 [12  4  9]
53 [ 4 12  3]
54 [3]
55 [ 3  4 17]
56 [3]
57 [3]
58 [3]
59 []
60 []
61 [3]
62 []
63 []
64 [3]
65 [12]
66 [12]
67 [12]
68 [12]
69 []
70 [12]
71 []
72 []
73 [12]
74 [12]
75 [ 9 19]
76 [19]
77 [19]
78 []
79 []
80 [19]
81 [19]
82 []
83 [9]
84 [3]
85 [3]
86 [19]
87 [19 12]
88 [12]
89 [ 3 12]
90 [19  3]
91 [19  1 19]
92 [19  9  2]
93 [19 12]
94 [19 19  3]
95 [3]
96 [3]
97 [ 3  9 12]
98 [3]
99 [ 9  3 19]
100 [ 3 19]
101 [3]
102 [3]
103 [3]
104 [3]
105 [3]
106 [3]
107 [3]
108 [3]
109 [3]
110 [3]
111 [3]
112 [3]
113 [3]
114 [3]
115 [3]
116 [3]
117 [3]
118 [3]
119 [10]
120 [10]
121 [3]
122 [3]
123 [3]
124 [3]
125 [3]
126 [ 3 19]
127 [3]
128 [10  3]
129 [3]
130 [3]
131 [ 3 19 10]
132 [3]
133 [3]
134 [3]
135 [3]
136 [3]
137 []
138 [3]
139 [3]
140 [3]
141 [3]
142 [3]
143 []
144 [3]
145 [3]
146 [3]
147 [13]
148 [3]
149 []
150 [3]
151 [3]
152 [3]
153 [3]
154 [3]
155 [3]
156 [3]
157 [3]
158 [3]
159 [3]
160 [3]
161 [19]
162 []
163 []
164 []
165 []
166 []
167 []
168 []
169 []
170 []
171 []
172 []
173 []
