0 [19 38]
1 [19 38]
2 [38 19]
3 [19 38]
4 [38 19 38]
5 [19 38 38]
6 [38 19 38]
7 [38 19 38]
8 [38 19 38 38]
9 [19 38 38]
10 [19 38]
11 [38 19 38]
12 [19 38 38]
13 [19 38 38]
14 [38 19 38]
15 [38]
16 [5]
17 [38 15]
18 [38 15]
19 [38 15]
20 [38 15]
21 [38 15]
22 [38 15]
23 [38 15]
24 [38 15]
25 [38 15]
26 [38 15]
27 [38 15]
28 [38 15 38]
29 [38 15 38]
30 [38 15 38]
31 [38 15]
32 [38 15]
33 [38 15]
34 [38 15]
35 [38 15]
36 [38 15]
37 [38 15  5 38]
38 [38 15  5]
39 [38 38]
40 [38 15]
41 [38 15 38]
42 [38 15]
43 [38]
44 [38 15]
45 [38 15]
46 [38 15]
47 [38 15]
48 [38 15]
49 [38 15]
50 [38 15 38]
51 [38 15]
52 [38 15]
53 [38]
54 [38 15]
55 [38]
56 [38]
57 [38  5]
58 [38]
59 []
60 []
61 []
62 []
63 [38  5]
64 [38  5]
65 [38 38  5]
66 [38 38 38]
67 [38 38 38  9]
68 [38 38  5 38]
69 [38 38  5]
70 [38 15  5]
71 [38 38  5  1  2]
72 [38 38  1]
73 [38  1  2]
74 [38 38 15 38 18]
75 [ 1 38]
76 [38  9  1]
77 [ 1 38]
78 [ 1 15]
79 [38 38  1]
80 [38 38  1]
81 [38 38 38]
82 [38 38  5]
83 [38]
84 [38  5]
85 [38  5]
86 [38 38]
87 [38  5 38]
88 [38]
89 [38 38]
90 [38 38 26 38]
91 [38  5]
92 [38 38]
93 [38 26  5]
94 [38 26 38]
95 [38 38  5]
96 [38  5 38]
97 [38 38]
98 [38  5 38]
99 [38  5]
100 [8]
101 [5]
102 []
103 []
104 [15]
105 []
106 [2]
107 [15]
108 [ 9 15  1]
109 [38  5]
110 [38 38]
111 [38  5]
112 [38]
113 [38]
114 [38]
115 [38]
116 [38  5]
117 [38  5]
118 [38]
119 [38  5]
120 [38  5]
121 [38  5]
122 [38]
123 [5]
124 [ 5 38]
125 [38  5]
126 [5]
127 [38  5]
128 [38  5]
129 [38  8 38]
130 [38 38]
131 [38  5]
132 [38  5 38]
133 [38 38  5]
134 [38  5]
135 [38]
136 [38]
137 [38  5]
138 [38  5]
139 [38  5]
140 [38  5 15]
141 [38  5  8]
142 [38  5]
143 [38]
144 [38  5]
145 [38]
146 [38]
147 [38]
148 [38  5]
149 [38  5]
150 [38]
151 [38]
152 [38]
153 [38]
154 [38  5]
155 [38  5]
156 [38  5]
157 [38  5]
158 [38  5]
159 [38  5]
160 [38  5]
161 [38  5]
162 [38  5]
163 [38  5]
164 [38  5]
165 [38  5 16]
166 [38 15  5 16]
167 [38  5]
168 [38  5 16]
169 [38  5 15 16]
170 [38  5]
171 [38  5]
172 [38  5]
173 [38  5]
174 [38  5]
175 [38]
176 [38  5]
177 [38  5]
178 [38 15  5]
179 [38 15  5]
180 [38]
181 [38]
182 [38 19 21  5]
183 [38 19  5]
184 [38 19 38 21]
185 [38 19 21]
186 [38 19]
187 [38 19  5 21]
188 [38 19 38  5 21]
189 [38 19 21]
190 [38 19 21]
191 [38 19 21]
192 [38 19  5]
193 [38 19 21]
194 [38 19 38 21]
195 [38 19 15 21]
196 [38 19]
197 [38 19 21]
198 [38 15 21 19 38]
199 [38 19 21]
200 [38 19  5 21]
201 [38 19]
202 [38 38 19]
203 [38 19  5]
204 [38]
205 [38]
206 [38  5]
207 [38  5]
208 []
209 []
210 [38]
211 [21 38]
212 [21 38  5]
213 [38 21 19 38]
214 [38 21 38]
215 [38]
216 []
217 []
218 [38]
219 [38  5]
220 [38]
221 [38]
222 [38]
223 [38 19 21 38]
224 [38 38]
225 [21 38]
226 [38 38]
227 [38 38 21]
228 [38 38 21]
229 [38 21 38]
230 [38 38]
231 [38 38]
232 [38 38]
233 [38 38]
234 [38 38]
235 [38 38]
236 [38 38]
237 [38 38]
238 [38]
239 [38 38]
240 [38 38]
241 [38]
242 [38  5]
243 []
244 [38]
245 [38]
246 [38  5]
247 [38  5]
248 [38]
249 [38  5 38]
250 [38]
251 [38  5]
252 [38 19]
253 [38 19]
254 [38 19]
255 [38 19]
256 [38 19]
257 [38 19  5]
258 [38 19]
259 [38 26]
260 [38]
261 [38  5]
262 [38  5]
263 [38 38]
264 [38 19 38]
265 [38 38]
266 [38 19 38]
267 [38 38]
268 [38  5]
