0 []
1 []
2 []
3 []
4 []
5 []
6 []
7 []
8 []
9 [19]
10 []
11 []
12 [19]
13 []
14 []
15 []
16 []
17 []
18 []
19 []
20 []
21 []
22 []
23 []
24 []
25 []
26 [9]
27 []
28 []
29 [9]
30 [9]
31 [9 8]
32 []
33 []
34 []
35 []
36 []
37 []
38 []
39 []
40 [19]
41 [9]
42 []
43 []
44 [9]
45 [9]
46 [14]
47 [19 14]
48 [19]
49 [19]
50 [19 14]
51 [14]
52 [19 14]
53 [ 9 19]
54 [14]
55 [17]
56 [9 5]
57 [14]
58 [19]
59 [19]
60 [19 14]
61 [14]
62 [19 14]
63 [19 14]
64 [19]
65 [19]
66 [19]
67 []
68 []
69 []
70 [19 14]
71 [19]
72 [19]
73 [19]
74 [19 14]
75 [19]
76 [14]
77 [19]
78 [19]
79 [19]
