0 [13]
1 [13]
2 [13]
3 [13]
4 [19]
5 [19]
6 [19  9]
7 [19]
8 [19]
9 [19]
10 [19]
11 [19]
12 [19]
13 [19]
14 []
15 [13]
16 [13]
17 [13]
18 [13]
19 [13]
20 [13]
21 [13]
22 [13]
23 [13]
24 [13]
25 [13]
26 [13]
27 [13]
28 [13]
29 [13]
30 [13]
31 [13]
32 [13]
33 [13]
34 [13]
35 [13]
36 [13]
37 [13]
38 [13]
39 [13]
40 [13]
41 [13]
42 [13]
43 [13]
44 [13]
45 [13]
46 [13]
47 [13]
48 [13]
49 [13]
50 [13]
51 [13]
52 [13]
53 [13]
54 [13]
55 [13]
56 [13]
57 [13 19]
58 [13 19]
59 [19 13]
60 [ 9 13 19]
61 [13  9 19]
62 [19 13]
63 [19 13]
64 [19 13]
65 [19 13]
66 [19 13]
67 [19 13]
68 [19 13]
69 [19 13]
70 [19]
71 [19 13]
72 [19 13]
73 [13 19]
74 [19 13]
75 [19 13]
76 [19 13]
77 [19 13]
78 [19 13]
79 [19]
80 [19]
81 [19]
82 [19 13]
83 [19]
84 [19 13]
85 [19 13]
86 [19 13]
87 [19 13]
88 [19]
89 [19 13]
90 [19 13]
91 [19 13]
92 [19 13]
93 [19]
94 [19 13]
95 [19 13]
96 [19 13]
97 [19 13]
98 [19 13]
99 [19 13]
100 [19]
101 [19]
102 [19 13 12]
103 [19 13]
104 [19 13]
105 [19 13 12]
106 [19 12 13]
107 [19 12]
108 [19 12]
109 [19 12]
110 [19 12 19]
111 [19 12]
112 [19 12]
113 [19 12]
114 [19 12]
115 [19 12]
116 [19 12]
117 [19 12]
118 [19 12]
119 [19 12]
120 [19 12]
121 [19]
122 [19 12]
123 [19 12]
124 [19 12]
125 [19 12]
126 [19 12]
127 [19]
128 [19 12]
129 [19 10]
130 [19]
131 [19]
132 [19]
133 [19 12]
134 [19 12]
135 [19 12]
136 [19 12]
137 [19 12]
138 [12 19]
139 [13 19]
140 []
141 [12  1]
142 [19  1 12]
143 [19]
144 [19 12]
145 [19]
146 [19]
147 [19 13 12]
148 [19]
149 [19 12]
150 [19 12]
151 [19 12]
152 [19 12]
153 [19]
154 [19]
155 [19 12]
156 [19 12]
157 [19  1 12]
158 [19 12]
159 [19 13]
160 [19 13 19]
161 [19 13]
162 [19]
163 [19 13]
164 [19 12]
165 [19 19 12]
166 [19 12 19]
167 [12 19]
168 [19 19]
169 [19 19]
170 [19 19 12]
171 [19 12]
172 [19 12]
173 [19 12]
174 [19 12 19]
175 [19 12]
176 [19]
177 [19 12]
178 [19 12]
179 [19 12]
180 [19 12 21]
181 [19 12]
182 [19 12]
183 [19 12]
184 [19 12]
185 [19 19 12]
186 [19 12 19]
187 [19 19 12 13]
188 [19 19  9 12]
189 [19 12]
190 [19 13 12]
191 [19]
192 [19 13]
193 [19 13]
194 [19]
195 [13 19 21]
196 [19 21]
197 [19 21 12 17 13]
198 [19 21 13 12]
199 [19 21]
200 [19 21]
201 [19 21]
202 [19 21]
203 [21 19]
204 [19 12]
205 [19 12]
206 [19 12]
207 [19 12]
208 [19 12]
209 [19 12 21 19]
210 [19 21 12]
211 [19 37]
212 [19 21]
213 [19]
214 [19]
215 [19 13 12]
216 [19 13]
217 [19 13]
218 [19]
219 [19 12]
