0 []
1 []
2 []
3 []
4 []
5 []
6 []
7 []
8 []
9 []
10 []
11 []
12 [16]
13 []
14 []
15 [16]
16 [15 19]
17 [19 15]
18 [19 15]
19 [19 15]
20 [16]
21 [16]
22 [16]
23 [16]
24 [16 19]
25 [19 16]
26 [19]
27 [19 15]
28 [19 15]
29 [19 15]
30 [19 15]
31 [19 15]
32 [19 15]
33 [19 15]
34 [19 15]
35 [19 15]
36 [19  9]
37 [16]
38 [19 21 21]
39 [19 21 21 16]
40 [21]
41 [21 19]
42 [21 19  6]
43 [21 19 16]
44 [19 21  6]
45 [19 21]
46 [21 19]
47 [21 19]
48 [21 19 16]
49 [21 21 19]
50 [21 21 19  4]
51 [21 21 19]
52 [19 21  9]
53 [19 21 21  9]
54 [19 21 21  9]
55 [19 21 21]
56 [19 21 21]
57 [19 21 21]
58 [19]
59 [19 15]
60 [19 15]
61 [19 15]
62 [15  1]
63 [4 9]
64 [19  6]
65 [ 9 19 16]
66 [19]
67 [19]
68 [19]
69 [19]
70 [19]
71 [19]
72 [19]
73 [19]
74 [19]
75 [19]
76 [19]
77 [19]
78 [19]
79 [19 16]
80 [19 16]
81 [19 16]
82 [19]
83 [19 31 14]
84 [19 31]
85 [19 31 14]
86 [19]
87 [19 15]
88 [19]
89 [15 19]
90 [15]
91 [19]
92 [19 15]
93 [19 15]
94 [19 15]
95 [19 15]
96 [19 15]
97 [19 15]
98 [19 15]
99 [19 15]
100 [19 15]
101 [15 19]
102 [19 15]
103 [19]
104 [19]
105 [19]
106 [15]
107 [19]
108 [19 14]
109 [19]
110 [19 14]
111 [19 14]
112 [19]
113 [19 14]
114 [19 14]
115 [19 14]
116 [19 14]
117 [19 15]
118 [15 19]
119 [15 19]
120 [15 19]
121 [15 19]
122 [19 15]
123 [19 15]
124 [19 15]
125 [19 15]
126 [19 15]
127 [19 15]
128 [19 15]
129 [15 19]
130 [19 15]
131 [19 15]
132 [19 15]
133 [15 19]
134 [19 15]
135 [15 19]
136 [19 15]
137 [19 15]
138 [19 15]
139 [19 15]
140 []
141 []
142 []
143 []
144 []
145 []
146 []
147 []
148 []
149 []
