0 []
1 []
2 []
3 []
4 []
5 []
6 []
7 []
8 []
9 [15]
10 []
11 []
12 []
13 []
14 []
15 []
16 []
17 []
18 []
19 []
20 []
21 []
22 [19]
23 [19]
24 [6]
25 [19  6]
26 [19  6]
27 [19  6]
28 [19 14  6]
29 [19 14]
30 []
31 []
32 [19]
33 [19]
34 [14]
35 [19 21]
36 []
37 [19 21]
38 []
39 []
40 []
41 []
42 []
43 []
44 []
45 []
46 [28]
47 [19]
48 [14]
49 [14]
50 [14]
51 [14  6]
52 [14]
53 [14]
54 [14]
55 [14]
56 []
57 []
58 []
59 [14]
60 []
61 [14]
62 []
63 [ 6 14]
64 [ 6 14]
65 [ 6 19]
66 [ 6 19]
67 [ 6 19]
68 [ 6 19]
69 [19  6 14]
70 [19  6]
71 [19  6 14]
72 [ 6 14 19]
73 [ 6 14]
74 [6]
75 [6 4]
76 [6]
77 [6]
78 [6]
79 [6]
80 [6]
81 [19  4]
82 [4]
83 [ 4 19]
84 [19  4]
85 [ 4 19]
86 [19  4  6]
87 [6]
88 [6]
89 [ 6 14]
90 [14]
91 [14]
92 []
93 []
94 []
95 []
96 []
97 []
98 []
99 []
100 []
101 []
102 []
103 []
104 []
105 []
106 [6]
107 []
108 [ 6 14]
109 [6]
110 [ 6 19]
111 [6]
112 [19  6]
113 [6]
114 [ 6 19]
