0 []
1 []
2 []
3 []
4 []
5 [19]
6 [19]
7 [19]
8 [19]
9 [19]
10 [19]
11 [19]
12 [19]
13 [19  4  9]
14 [ 4 19]
15 [ 6 19]
16 [ 6 19]
17 [19  6]
18 [19  6]
19 []
20 []
21 [19  6]
22 [19  6]
23 [ 6 19]
24 [19  6]
25 [19]
26 [19]
27 [19]
28 [19]
29 [19  6]
30 [19]
31 [19]
32 [19 37 26]
33 [19  6]
34 [19  6]
35 [19  6]
36 [19  6]
37 []
38 []
39 []
40 []
41 [6]
42 [6]
43 [6]
44 [6]
45 [6]
46 [6]
47 [6]
48 [6]
49 [6]
50 [6]
51 []
52 []
53 []
54 [19]
55 [19]
56 [19]
57 [6]
58 [6]
59 [6]
60 [6]
61 [6]
62 [6]
63 [6]
64 [6]
65 [6]
66 [6]
67 [6]
68 [6]
69 [6]
70 [6]
71 [6 7]
72 [6 7]
73 [6]
74 [6]
75 [6]
76 [6]
77 [6]
78 [6]
79 [6]
80 [6]
81 [6]
82 [6]
83 [6]
84 [7 6]
85 [19  6 14]
86 [19  6 14]
87 [19  6 14]
88 [19  6 14]
89 [19  6 14]
90 [14]
91 [14]
92 []
93 [6]
94 [6]
95 [6]
96 [6]
97 [6]
98 [6]
99 [6]
100 [6]
101 [6]
102 [6]
103 [6]
104 [6]
105 [6]
106 [6]
107 [6]
108 [6]
109 [6]
110 [6]
111 [6]
112 [6]
113 [6]
114 [6 2]
115 [6 2]
116 [2]
117 [2]
118 [2]
119 [2]
120 [2]
121 []
122 []
123 [11]
124 [11]
125 []
126 [17]
127 [17]
128 []
129 [17]
130 []
131 []
132 [17]
133 []
134 []
135 [6 4]
136 [6]
137 [6]
138 [6]
139 []
140 [6]
141 [6]
142 [ 6 19]
143 [ 6 19  4]
144 [19]
145 [ 6 19]
146 [ 6 19]
147 [19  6]
148 [ 6 19]
149 [19  6]
150 [ 6 19]
151 [ 6 19]
152 [ 6 19]
153 [ 6 19]
154 [ 6 19]
155 [6]
156 [19]
157 []
158 [14]
159 [14]
160 []
161 []
162 []
163 []
164 []
165 []
166 []
167 []
168 []
169 []
170 []
171 []
172 []
173 []
174 []
175 []
176 []
177 []
178 []
179 []
180 []
181 []
182 []
183 [11]
184 []
185 [6]
186 []
187 []
188 []
189 []
190 [6]
191 [6]
192 [6]
193 [6]
194 []
195 [19]
196 [19  6  6  6]
197 [19  6]
198 [19  6]
199 [19]
200 [19  6  7 17]
201 [6]
202 [19  6  6]
203 [ 6 19  6]
204 [19  6  6]
205 [ 6 19]
206 [19  6  6]
207 [19  6]
208 [19  6]
209 [19]
210 [19]
211 []
212 []
213 []
214 [19]
215 [15  9]
216 [9]
217 [19]
218 []
219 []
220 []
221 []
222 [6]
223 [19]
224 [19]
225 [19]
226 [19]
227 [19  6]
228 [19]
229 [19]
230 [19  9]
231 []
232 []
233 []
234 []
235 []
236 []
237 []
238 []
239 []
240 [6]
241 []
242 [6]
243 []
244 [19]
245 [19]
246 []
247 []
248 []
249 []
250 [19]
251 []
252 [19]
253 [4]
254 [4]
255 [11]
256 []
257 [6]
258 [19]
259 [19]
260 [19]
261 [19]
262 [ 6 19]
263 [19]
264 [19]
265 [19]
266 [19]
267 [19]
268 [19]
269 [19]
270 []
271 []
272 []
273 []
274 []
275 []
276 []
277 []
