0 []
1 []
2 []
3 []
4 []
5 []
6 []
7 []
8 []
9 [19]
10 [ 9 12]
11 [12]
12 []
13 []
14 [12]
15 [ 9 12]
16 [19 12]
17 [ 9 12 19]
18 [12]
19 [ 9 12]
20 [12  9 19]
21 [12]
22 []
23 [12]
24 [12]
25 [12]
26 [12]
27 []
28 [ 9 12]
29 [12]
30 [12  9 19 28]
31 [21]
32 [ 9 12]
33 [12 19 19]
34 [12 28]
35 [12 19]
36 [12  9]
37 [12]
38 [19 28]
39 [12 19]
40 [12]
41 [12 12]
42 [12 28]
43 [12 28]
44 [ 9 12]
45 [12  9]
46 [28]
47 [12 19]
48 [ 9 12]
49 [ 9 12 28]
50 []
51 []
52 [12]
53 [12]
54 []
55 []
56 []
57 []
58 []
59 []
60 []
61 []
62 []
