0 [19  4]
1 [19  4]
2 [19  4]
3 [ 4 19]
4 [19]
5 [19  4]
6 [19  4  4]
7 [ 4 19  4]
8 [ 4 19  4]
9 [19  4]
10 [19  4]
11 [19]
12 [3]
13 []
14 [3]
15 [3]
16 []
17 []
18 []
19 []
20 []
21 []
22 []
23 []
24 []
25 []
26 []
27 []
28 []
29 []
30 []
31 []
32 []
33 []
34 []
35 []
36 [28]
37 [28]
38 [28]
39 []
40 []
41 []
42 [10]
43 [10]
44 []
45 []
46 [19  3]
47 [ 3 19]
48 [ 3 19]
49 [19  3]
50 [ 3 19]
51 [ 3 19]
52 [ 3 19]
53 []
54 [19]
55 [19]
56 [19]
57 [19]
58 [19]
59 [3]
60 [3]
61 []
62 []
63 []
64 []
65 [19]
66 []
67 []
68 [19  1]
69 [19]
70 [19]
71 [19]
72 [3]
73 [3]
74 [3]
75 []
76 []
77 []
78 []
79 [9]
80 [9]
81 [9]
82 []
83 []
84 []
85 []
86 []
87 []
88 []
89 [3]
90 [3]
91 [3]
92 [3]
93 [3]
94 [9]
95 [17 15]
96 []
97 [17]
98 []
99 []
100 [12 21]
101 []
102 []
103 []
104 []
105 [37  2]
106 []
107 [37]
108 [ 2 37  7]
109 [ 2 37]
110 [4]
111 [2]
112 []
113 []
114 []
115 [26  9]
116 []
117 []
118 []
119 [9]
120 []
121 [9]
122 [9]
123 []
124 []
125 [19  2]
126 []
127 [2]
128 [2]
129 [2]
130 [ 2 19]
131 [2]
132 []
133 [19]
134 [ 7 37]
135 [19 37 37]
136 [37 19]
137 []
138 []
139 []
140 []
141 []
142 []
143 [3]
144 [3]
145 [3]
146 [3]
147 [3]
148 [3]
149 [3]
150 []
151 []
152 []
153 []
154 []
155 [19]
156 [19]
157 [19]
158 [19]
159 [19]
160 [19]
161 [19]
162 []
163 []
164 []
165 []
166 []
167 []
168 []
169 []
170 []
171 []
172 []
173 []
174 []
175 []
176 [3 2]
177 [2 3]
178 [3 2]
179 [3 2]
180 []
