0 []
1 []
2 []
3 [19]
4 [9]
5 []
6 [9]
7 [19 14]
8 [14  4]
9 [14  4 19]
10 [28 14]
11 [14]
12 [19 14]
13 [14 19  4]
14 [ 4 14]
15 [19 14]
16 [19 14]
17 [19 14]
18 [19 14]
19 [19 14]
20 [19 14]
21 [14 19]
22 [14]
23 [19 31 14]
24 [19 14]
25 [14]
26 [14  4 28]
27 [ 4 14  9]
28 [14  4]
29 [ 4 14 19]
30 [19  4 14]
31 [4]
32 [4]
33 [4]
34 [26]
35 [26 28]
36 [26]
37 []
38 [26]
39 [26]
40 [26]
41 [26]
42 [26]
43 [26]
44 []
45 [9]
46 []
47 []
48 [14]
49 [19 14  4]
50 [19 14]
51 [19 28]
52 [19  4 14]
53 [14  4]
54 [19 14]
55 [19 14  4]
56 [19 14]
57 [19 14]
58 [14]
59 [14]
60 [14]
61 [14]
62 [14]
63 [19 14]
64 [19 14 31]
65 [19 14 28]
66 [19 12]
67 [14 19  4]
68 [19  4 14]
69 [ 4 19]
70 [19  4 14]
71 [19]
72 [19  4]
73 []
74 [9]
75 [19]
76 [26 19]
77 [19 26]
78 [19]
79 [19]
80 []
81 []
82 []
83 []
84 []
85 []
86 [19]
87 [19 26]
88 [19  6]
89 []
90 [9 4]
91 [4]
92 [9]
93 [4]
94 [4]
