0 []
1 []
2 [19]
3 []
4 [19]
5 [19 19]
6 [19 19]
7 [19 19]
8 [19 19]
9 [19 19]
10 [19 19]
11 [19 19]
12 []
13 [19 19]
14 [19 19]
15 [19 19]
16 [19]
17 [19 19]
18 [19 19]
19 [19 19]
20 [19 19]
21 [19 19  9]
22 [19]
23 [19 19]
24 []
25 [19  9]
26 [19]
27 [ 2 19  9]
28 [19 19]
29 []
30 []
31 []
32 [19]
33 [19  9]
34 [19]
35 [19]
36 [19]
37 []
38 []
39 []
40 []
41 []
42 []
43 []
44 []
45 []
46 []
47 []
48 []
49 [9]
50 [19]
51 [9]
52 [9]
53 []
54 [9]
55 []
56 []
57 [12 19]
58 [1]
59 [9]
60 [ 1 19]
61 [19]
62 [19  1]
63 [19 19]
64 [19 19]
65 [19 19]
66 [19 19]
67 [19 19]
68 [19 19]
69 [19 19]
70 [19 19]
71 [12 19]
72 [19]
73 [19  1  1 15]
74 [18]
75 []
76 [18  1 19]
77 []
78 [19 19 18  2]
79 [ 1 19]
80 []
81 []
82 []
83 [9 1]
84 [9]
85 [9]
86 [9]
87 [9]
88 [9]
89 []
90 []
91 [19 19]
92 [19 19]
93 [19 19]
94 [19]
95 [19]
96 [19 19]
97 [19 19]
98 []
99 []
100 [1]
101 []
102 []
103 []
104 []
105 []
106 []
107 []
108 [1]
109 []
110 [12 15]
111 [12 12]
112 [ 9 17]
113 []
114 [12]
115 []
116 []
117 [12]
118 [12]
119 [12]
120 [12]
121 [12]
122 []
123 [12  9]
124 [12  9]
125 [12 19  9]
126 [12 19]
127 [12  9]
128 [12 19]
129 [12  1 19]
130 [12 19]
131 [9]
132 [12]
133 [12]
134 []
135 [12]
136 [12]
137 [12]
138 []
139 []
140 [19 19]
141 [19 19]
142 [1]
143 [19 19]
144 [19  9]
145 [19 19]
146 [19 19]
147 [19 19]
148 [19 19]
149 [19 19]
150 [19 19]
151 [19 19]
152 [19]
153 [19]
154 [19 19]
155 [19 19]
156 [19 19]
157 [19 19]
158 [19 19]
159 [19 19]
160 [19]
161 [19 12]
162 []
163 []
164 []
165 []
166 []
167 []
168 []
169 []
170 [19]
171 [19 15]
172 [19 19 18]
173 [19 19 15]
174 [19 19 18]
175 [19 19]
176 [19 19]
177 [19 19]
178 [19 19]
179 [19 19]
180 [19 19]
181 [19 19]
