0 [19 17  9]
1 [19 17 19 15]
2 [19 19 17 16 15]
3 [19 17 16 15]
4 [17 19 17]
5 [17 19 17 38]
6 [17 17 19]
7 [19 19 19  9]
8 [19 19 19  9]
9 [19 19 19  9]
10 [17]
11 [17]
12 [17  3]
13 []
14 [ 3 17]
15 [3]
16 [17 15]
17 [17]
18 [16]
19 [9 9]
20 [9 9]
21 [9 9]
22 [9 9]
23 [19  9 19]
24 [19  9 19]
25 [19  9 19]
26 [17]
27 [17]
28 [ 9 17]
29 [19  3]
30 [17  3]
31 [ 3  1 19]
32 [19  1 17]
33 [17 17]
34 [17]
35 [17 19]
36 [17  3 17]
37 [17]
38 [17 17]
39 [17]
40 []
41 [17]
42 [17 17]
43 [17  3]
44 [38  3 17]
45 [17  3 38]
46 [17 19]
47 [ 3 19 19]
48 [ 3 19 19]
49 [17  9]
50 [9 9]
51 [9 9]
52 [1]
53 []
54 [17 19  1]
55 []
56 [19]
57 [19]
58 [17  4]
59 [19  4 17]
60 [17 15]
61 [16]
62 [17]
63 [2]
64 []
65 []
66 [19  3 17]
67 [19]
68 [ 1 17]
69 [19]
70 [3]
71 []
72 [15]
73 [17]
74 [2]
75 [2]
76 [17]
77 [17]
78 [17]
79 [17]
80 [17  1 17]
81 [17]
82 [19  9  9  4]
83 [19  9  9]
84 [19  9  4  9]
85 [19 19 19  3]
86 [19  3]
87 [ 3 17]
88 [17  3 23]
89 [17  1]
90 []
91 [17]
92 []
93 [19  7]
94 [19  7]
95 [19  4]
96 [19  4]
97 []
98 []
99 []
100 []
101 [19 19 17 15]
102 [19 17 15]
103 [19 17 15]
104 [19 17 15]
