0 []
1 []
2 []
3 []
4 []
5 []
6 []
7 [3]
8 [3]
9 [3]
10 [19]
11 [19]
12 [19]
13 [19]
14 [19]
15 [19  3]
16 [3]
17 []
18 []
19 []
20 []
21 []
22 []
23 []
24 []
25 []
26 []
27 []
28 [12]
29 []
30 []
31 []
32 []
33 []
34 [19]
35 [19]
36 [19]
37 [19]
38 [21]
39 [19]
40 [15]
41 [19]
42 [19]
43 [19]
44 []
45 [19]
46 [17  3]
47 [ 3 17]
48 [ 3 17]
49 [17  3]
50 [17]
51 []
52 []
53 [1]
54 [3]
55 [3]
56 [3]
57 [3]
58 [3]
59 []
60 []
61 []
62 []
63 []
64 []
65 []
66 []
67 []
68 []
69 []
70 []
71 []
72 []
73 []
74 []
75 []
76 []
77 []
