0 []
1 []
2 []
3 []
4 []
5 []
6 []
7 []
8 []
9 [13 19]
10 [13 19]
11 [13 19]
12 [13 19]
13 [13]
14 [13 19]
15 [13 19]
16 [13  1 18]
17 [19 13]
18 [13  1]
19 [13 19]
20 [19 13]
21 [13]
22 [13 19]
23 [13 19]
24 [19 13]
25 [19 13]
26 [13 19]
27 [13  1]
28 [13 19]
29 [13 19]
30 [19 13]
31 [19 13]
32 [13 19]
33 [13 19]
34 [13  1]
35 [13 19]
36 [13 19]
37 [13 19]
38 [13  1]
39 [13]
40 [13  1 17]
41 [13 19]
42 [13 19]
43 [13  1]
44 [13  1]
45 [13  1 15]
46 [13 19]
47 [13 19 17]
48 [13 19]
49 [13  1]
50 [13 19]
51 [13  1 15]
52 [13 19]
53 [13  1]
54 [19 13]
55 [13 19]
56 [13 19]
57 [13 19]
58 [13 19]
59 [13 19]
60 [13]
61 [13]
62 [13 15]
63 [19 13]
64 [13 19]
65 [13]
66 [13]
67 [13 19 28]
68 [13 19 28]
69 [19 13]
70 [13]
71 [13  1]
72 [13 19]
73 [19 13]
74 [19 13]
75 [13]
76 [13]
77 [19 13]
78 [19 13]
79 [19 13 17]
80 [13 28]
81 [13]
82 [19 13]
83 [19 13]
84 [19 13]
85 [19 13]
86 [13]
87 [19 13]
88 [13]
89 []
90 [19 13]
91 [13]
92 [19 13]
93 [13]
94 [19 13]
95 [13]
96 [19 13]
97 [19 13]
98 [13]
99 [19 13]
100 [19 10 13]
101 [19 13]
102 [19 13]
103 [19 13]
104 [19 13]
105 [13 19]
106 [13]
107 [13]
108 [13]
109 [13 19]
110 [13 19]
111 [13 19]
112 [13 19]
113 [13]
114 [13 19]
115 [13 19]
116 [13 19]
117 [13 19]
118 [13 19]
119 [13 19]
120 [13 19  9]
121 [13 19 32]
122 [13 19]
123 [13 19]
124 [13 19]
125 [13 19]
126 [13 15]
127 [13 19]
128 [13 19]
129 [13 19]
130 [13 19 15]
131 [13 19]
132 [13 19]
133 [13 19 35]
134 [13 19 35]
135 [13 19]
136 [13 19 15]
137 [19 13]
138 [13 19]
139 [13 19]
140 [13 19]
141 [13 19]
142 [19 13]
143 [13 19]
144 [13 19]
145 [13 19 15]
146 [13 19 15 29]
147 [13 19]
148 [13 19]
149 [13 19]
150 [13 19]
151 [13 19 15  9 32]
152 [19 13 32]
153 [19 13]
154 [13 19]
155 [19 13 35]
156 [19 13 15]
157 [13 19]
158 [19 13]
159 [13 19]
160 [13 19]
161 [19 13]
162 [13 19]
163 [19 13]
164 [13 19]
165 [13 19]
166 [19 13]
167 [13 19 15]
168 [19 13]
169 [19 13]
170 [13]
171 [13 19]
172 [19 13]
173 [13 19]
174 [19 13]
175 [13 19]
176 [13 19  1]
177 [19 13]
178 [13 19  9]
179 [19 13]
180 [19 13]
181 [13 19]
182 [13 19]
183 [13 19]
184 [13 19]
185 [19 13]
186 [13 19]
187 [13 19]
188 [19 13]
189 [13 19 15]
190 [13 19]
191 [13]
192 [13 19]
193 [13 19]
194 [13 19]
195 [13 19]
196 [13 19]
197 [13 19]
198 [13 19]
199 [13 19]
200 [13 19]
201 [13]
202 [13 19]
203 [13]
204 [13 19]
205 [13]
206 [19 13]
207 [19 13]
208 [13]
209 []
210 [13]
211 [13]
212 [13]
213 [13]
214 [13]
215 [13]
216 [13]
217 [13]
218 [13]
219 [13]
220 [13]
221 [13]
222 [13]
223 [13]
224 [13]
