0 [12 22 11]
1 [21 12 22 21 22]
2 [21 12 22]
3 [12 19 21 21]
4 [19 12  9 21 21 22]
5 [12 21 21 21]
6 [21 12 21 21]
7 [12 21 21 22]
8 [12 21 21 19  9 21]
9 [12  9]
10 [ 9 12 12 19 23]
11 [12 12  9]
12 [12  9 23]
13 [12  9]
14 [ 9 12]
15 [ 9 12]
16 [9 9]
17 [ 9 12 38]
18 [ 9 12]
19 [ 9 19 12]
20 [ 9 19]
21 [ 9 12 19 19]
22 [12  9 19]
23 [ 9 12]
24 [12 19]
25 [12 19]
26 [12  9  9]
27 [21 19 12 21]
28 [ 9 12]
29 [12  9 19]
30 [12 19 22]
31 [12 19 21]
32 [12 19]
33 [21 12 19]
34 [19]
35 [19 21]
36 [23]
37 []
38 [12]
39 [12]
40 [12]
41 [12]
42 [12]
43 [12]
44 [ 3 12]
45 [12]
46 [12]
47 []
48 [ 9 21]
49 [19]
50 [21 21 19 19]
51 [19 19 21]
52 [19]
53 [19]
54 [19 21 22]
55 [19 22]
56 [19 21 22]
57 [21]
58 [21]
59 [19 22 21]
60 [12]
61 [12]
62 [ 9 21 12 19]
63 [ 9 21 12 19]
64 [ 9 19 12]
65 [19  9 21 12]
66 [ 9 12 21 19]
67 [19 12  9]
68 [21 19 12]
69 [19 12 21]
70 [ 9 12]
71 [19 12  9]
72 [19 21  9 12]
73 [ 9 21 12 19]
74 [ 9 12 19]
75 [12 21 19  9]
76 [19 12 21]
77 [19 12 21]
78 [19 12 21]
79 [19 12 21]
80 [21 12 19]
81 [19 12 21]
82 [19 12 21]
83 [19 12 21]
84 [ 9 12 21]
85 [12 21 19]
86 [19 12 21]
87 [21 12 21]
88 [12 21]
89 []
90 [22]
91 [22 11]
92 [11 22]
93 [22 11]
94 [12 11]
95 [12 11]
96 [12]
97 [12]
98 [19 12]
99 [19 12 12 22]
100 [21 19 12 12 22]
101 [19 21 12]
102 [19 12 22  9 21]
103 [21 19 19 12  9 21 22]
104 [21 12  9 21 19 22]
105 [12 19]
106 [19 12  9]
107 [12]
108 [12 19  9 22]
109 [19 12 22]
110 [12  9 19 22 23]
111 [12 19 23  9 22]
112 [19 12  9 22]
113 [19 12 22  9]
114 [12 19  9]
115 [19 12  9]
116 [19 12  9]
117 [19 12  9]
118 [12 19  9]
119 [12 19  9]
120 [12 19  9]
121 [19 12  9]
122 [19 12  9]
123 [19 12  9]
124 [12 19  9]
125 [12  9]
126 [12 19  9]
127 [12  9 19]
128 [12 19  9]
129 [12  9 19]
130 [12 19  9]
131 [12 19  9]
132 [12 19  9]
133 [12 19  9]
134 [12  9 19]
135 [12  9]
136 [12  9]
137 [12  9]
138 [ 9 12]
139 [ 9 12]
140 [ 9 19 12]
141 [ 9 19 12]
142 [19 12  9]
143 [19  9 12]
144 [9]
145 [12  9 19]
146 [ 9 12]
147 [ 9 19]
148 [9]
149 [ 9 19]
150 [9]
151 [ 9 12]
152 [ 9 19 12]
153 [ 9 12]
154 [ 9 19 12]
155 [ 9 12]
156 [ 9 19 12]
157 [ 9 19]
158 [ 9 19 12]
159 [12 19  9]
160 [9 9 9]
161 [12  9]
162 [12 19  9]
163 [9]
164 [12  9]
165 [ 9 12]
166 []
167 [12  9 21 19]
168 [ 9 21 12]
169 [21 12]
170 [ 9 12 20]
171 [ 9 19 12 12]
172 [ 9 12]
173 [ 9 21 12]
174 [ 9 21 12]
175 [21 12  9]
176 [19 21 12]
177 [19 21 12]
178 [19 12 21]
179 [12 19 21]
180 [19 21 12 19]
181 [12 19 21]
182 [19 12 21]
183 [19 21 12]
184 [21 19 12]
185 [21 19 12]
186 [21 19 12 19]
187 [19 21 12 19 19]
188 [19 21 12]
189 [12 21 19]
190 [12 19 21 19]
191 [12 19 21]
192 [19 21 12]
193 [19 12 21]
