0 [19 14  3]
1 [19 14  3]
2 [19 14  3]
3 [19 19 14]
4 [19 19]
5 [19 19 14]
6 [19 19 14]
7 [19 19 14]
8 [19 19 14]
9 [19]
10 [19 19]
11 [19 19]
12 [19 19]
13 [19]
14 [19 19]
15 [19 14]
16 [19 14]
17 [19 14]
18 [19 14]
19 [19 14]
20 [19 14]
21 [19 14]
22 [19 14]
23 [19 19 14]
24 [19 19 14]
25 [19 14 19]
26 [19  6 19 19]
27 [19 19 19  6]
28 [ 6 19]
29 [19  6  6]
30 [19 38]
31 [38]
32 [38 38 19]
33 [19 38 38 19]
34 [19 38 38 19]
35 [19 38 38 19]
36 [19 38 38 19]
37 [38 38 19]
38 [38 19 38 19]
39 [38 38 19]
40 [38 19 38]
41 [38 19 38]
42 [38 19 38]
43 [38 19 38]
44 [38 19 38 38]
45 [38 19 38 19]
46 [19 38 19 38]
47 [19 38 38]
48 [19 19 38]
49 [19 38]
50 [6]
51 [19  6]
52 [19  6]
53 [19  6]
54 [19  6]
55 [19  6]
56 [19  6]
57 [19  6]
58 [19  6 11]
59 [19  6]
60 [19]
61 [19  6 21]
62 [19  6]
63 [19  6]
64 [19  6]
65 [19  6]
66 [19  6]
67 [19  6]
68 [ 6 19 21]
69 [19  6]
70 [19  6]
71 [19  6 21]
72 [19  6]
73 [19  6]
74 [19  6]
75 [ 6 19]
76 [19  6 21]
77 [19  6]
78 [19  6]
79 [19  6]
80 [19  6]
81 [ 6 19]
82 [ 6 19]
83 [19  6]
84 [6 4]
85 [6]
86 [19  6]
87 [6 4]
88 [19  6  4]
89 [ 6  4 19]
90 [6 4]
91 [ 6 19  4]
92 [ 6 19]
93 [6 4]
94 [6 4]
95 [ 6 19]
96 [ 6 19]
97 [6]
98 [6]
99 [6]
100 [6]
101 [6]
102 [ 4 21]
103 [2]
104 [19  6  4]
105 [19  6]
106 [19  6  7]
107 [19  6]
108 [21]
109 [4 6]
110 [19  6  4]
111 [19  4]
112 [4]
113 [1]
114 [19 21  4]
115 [19]
116 [19  4  6  1]
117 [15  6]
118 [19 21]
119 [19 21]
120 [19]
121 [ 7 19]
122 [19  7]
123 [ 7 19]
124 [ 7 19]
125 [19  7  6]
126 [ 7 19  6]
127 [ 6 21 19]
128 [ 6 19  2]
129 [19]
130 [38 16  4 19  1]
131 [19 38 38 17 16]
132 [19 17]
133 [19]
134 [19]
135 [19]
136 []
137 [6]
138 [14]
139 [14]
140 [19]
141 [19]
142 [19]
143 [19]
144 [19 14]
145 [19]
146 [19]
147 [19]
148 [19]
149 [19]
150 [19]
151 [19]
152 [19]
153 [19]
154 [19]
155 [19]
156 [19]
157 [19]
158 [19]
159 [19]
160 [19]
161 [19]
162 [19]
163 [19]
164 [19]
165 [19]
166 [19]
167 [19]
168 [19]
169 [19 32]
170 [19 32]
171 [19]
172 [19]
173 [19]
174 []
175 []
176 []
177 []
178 [19 19 21 19  3]
179 [19 19 19 21 19  6  4]
180 [19 19 19 21  4]
181 [19 19  6 19  4]
182 [19 19  6 19]
183 [19  6]
184 [19  6]
185 [19  6]
186 [19  6]
187 [19  6]
188 [19  6]
189 [19  6]
190 [19  6]
191 [19  6]
192 [19  6]
193 [19  6]
194 [19]
195 [19]
196 [19 21]
197 [19]
198 [19]
199 [19]
200 [19]
201 []
202 []
203 [21]
204 []
205 [21 19]
206 [21 19]
207 []
208 [14 19 38]
209 [14 19]
210 [19 19 14]
211 [19 19 14]
212 [19 14]
213 [19 14]
214 [19 21 19]
215 [19 21 19]
216 [21 19 19]
217 [19 21 38]
218 [19  6]
219 [19  6]
220 [19]
221 [19 19]
222 [19]
223 [19]
224 [19]
225 []
226 []
227 []
228 []
229 []
230 []
231 []
232 []
233 []
234 []
235 []
236 []
237 []
