0 []
1 []
2 []
3 []
4 [21]
5 []
6 []
7 [21]
8 [21]
9 [21 19 26]
10 [19 21]
11 [21 21]
12 [21]
13 [21 21 21]
14 []
15 [21 19]
16 [21 21 21]
17 []
18 []
19 [21]
20 [21]
21 []
22 []
23 []
24 [21 21]
25 [21 21]
26 [21]
27 []
28 [21]
29 []
30 [21 19]
31 [21]
32 [21  9]
33 [21]
34 [21]
35 [21 21]
36 [21 21]
37 [21]
38 [21 21 19]
39 [21 21 19]
40 []
41 [21]
42 [21]
43 [21]
44 [21]
45 [21]
46 [19]
47 [19]
48 [19]
49 [19]
50 [38]
51 [19]
52 [19]
53 [19]
54 [19]
55 [19]
56 [19]
57 [19]
58 [19]
59 [19]
60 [19]
61 []
62 [19]
63 [19 38]
64 [19 38]
65 []
66 [19]
67 []
68 [19]
69 [7 4]
70 []
71 [7 4]
72 [19]
73 []
74 []
75 [19]
76 [19]
77 [19]
78 []
79 []
80 []
81 []
82 [19]
83 []
84 []
85 [19 19]
86 [19  3]
87 [22  3 21]
88 [22  3]
89 [22  3 21  4]
90 [22  3]
91 [22  3 21]
92 [21]
93 [19  3 22 21]
94 [ 3 21 22]
95 [ 4  3 22]
96 [19  4  3 22 21]
97 [ 4  3 21]
98 [21 17]
99 [21]
100 [19  3 22 21]
101 [19 21  3 22]
102 [21 22]
103 [21  3]
104 []
105 [ 3 22 21]
106 [19 22  3 21]
107 [22 14 21]
108 [22 14 21]
109 [22 14 21]
110 [14]
111 [14  3]
112 []
113 [14]
114 []
115 [14]
116 [14]
117 [3]
118 []
119 []
120 [19]
121 [19]
122 []
123 []
124 []
125 []
126 [3]
127 []
128 []
129 []
130 []
131 []
132 []
133 []
134 []
135 []
136 []
