0 []
1 []
2 [2 7]
3 [2 7]
4 [2]
5 [2 7]
6 [19 17  1 17 34]
7 [19 17 17]
8 [ 3 17 19]
9 [7]
10 [7]
11 [19 17  1 17 17]
12 [19 17  1]
13 [19 17 21  1 17]
14 [8]
15 []
16 [19  4]
17 [7]
18 []
19 [19  7]
20 [16]
21 [16  5]
22 []
23 []
24 [8]
25 []
26 [38]
27 [38]
28 [38]
29 [19 17  1 17]
30 [19 17  1]
31 [17]
32 [ 1 17]
33 [2]
34 [2]
35 [2]
36 [2]
37 [2]
38 [19 17 34]
39 []
40 [7]
41 []
42 []
43 [7]
44 [8]
45 [7 8]
46 [2]
47 [2]
48 [2]
49 [2]
50 [2]
51 [19 17]
52 [19 17  1]
53 [19 17]
54 [19 34]
55 [19 17]
56 [19 17]
57 [19 17]
58 [19 17]
59 []
60 []
61 []
62 []
63 []
64 []
65 []
66 []
67 []
