0 []
1 []
2 []
3 []
4 []
5 []
6 []
7 []
8 [9]
9 []
10 []
11 []
12 [19]
13 [19]
14 [19]
15 [19]
16 [19]
17 [19]
18 [19]
19 []
20 []
21 []
22 []
23 []
24 []
25 []
26 []
27 [9]
28 []
29 []
30 []
31 [19]
32 []
33 []
34 []
35 []
36 []
37 []
38 []
39 []
40 []
41 []
42 []
43 []
44 []
45 []
46 []
47 []
48 []
49 []
50 []
51 []
52 [19]
53 []
54 []
55 []
56 []
57 []
58 []
59 []
60 []
61 []
62 []
63 []
64 []
65 []
66 [19]
67 []
68 []
69 [19]
70 []
71 []
72 []
73 []
74 []
75 []
76 []
77 []
78 []
79 []
80 []
81 [10]
82 [12]
83 [10]
84 [10]
85 [10]
