0 [38 38 38 14 38]
1 [38 38 38 38 38 14]
2 [38 38 38 38 14 38]
3 [38 38 38 38 38 26]
4 [38 38]
5 [38 38 14]
6 [14]
7 [14]
8 [14]
9 [14]
10 [14]
11 []
12 [17]
13 [17]
14 [6 7]
15 [7 6]
16 [6 6]
17 [6]
18 [6]
19 [6]
20 [6]
21 [6]
22 [6]
23 []
24 [6]
25 [6]
26 [6]
27 [6]
28 [6]
29 [6]
30 []
31 [6]
32 [6]
33 [6]
34 [6]
35 [6]
36 [14 19]
37 [ 9 14  3]
38 [19 14 10]
39 [14 10]
40 [14 19]
41 [14]
42 [14  6 19]
43 [14 19]
44 [14]
45 [14]
46 []
47 [19]
48 [19]
49 [19 14  3]
50 [14 19]
51 [14  9  6]
52 [14 19  4]
53 [ 9 14]
54 [ 6 14]
55 [ 6 14 10]
56 [10]
57 [14]
58 [23]
59 []
60 [9]
61 [10  3]
62 [6 2]
63 [10]
64 [14]
65 [38 38 38 14 38]
66 [38 38]
67 [14]
68 []
69 []
70 []
71 []
72 []
73 []
74 []
75 [8 7]
76 [8 7]
77 []
78 []
79 [8]
80 [8 7]
81 [8]
82 [8]
83 [38 38 38]
84 [14 38]
85 [14]
86 [3]
87 [14]
88 [38 38 38 38 14 38]
89 [38 38 38 38 38 14]
