0 []
1 [19]
2 [19]
3 [19]
4 [19]
5 [19]
6 [19]
7 [19]
8 []
9 []
10 []
11 []
12 []
13 []
14 []
15 []
16 []
17 []
18 [17]
19 []
20 [19]
21 [19 17]
22 [19]
23 [19  3]
24 [19  3]
25 [19]
26 [19  3]
27 [19  3]
28 [19]
29 [ 3 17]
30 [19  3]
31 [19  3]
32 [19  3]
33 [19  3]
34 [19  3]
35 [ 3 19]
36 [19  3 17 15]
37 [19]
38 []
39 [17 17]
40 [19 17]
41 [17  3]
42 [3]
43 [3]
44 [3]
45 [3]
46 []
47 []
48 [3]
49 [19]
50 [19  3]
51 [3]
52 [3]
53 [19  3]
54 [3]
55 []
56 [19]
57 [19]
58 [19  9]
59 [19]
60 [19]
61 [19]
62 [15  9]
63 [19 17]
64 [19  1 38]
65 [19  9]
66 [21 19 21 21]
67 [21]
68 [19 21 21  3]
69 [19 21 28]
70 [21 19 21]
71 [19 21 17 21 21]
72 [19 21  9  1 26 17]
73 [19  1]
74 [19 17  3]
75 [19 17  3]
76 [19 17  3  9]
77 [19 17  3]
78 [19 17  3  9]
79 [19 17  3]
80 [19 17  3]
81 [19 17  3  9]
82 [19  3 17  9]
83 [19 17  3]
84 [19 17  9  3]
85 [19  9]
86 [ 3 19]
87 [19  3]
88 [19  3]
89 [ 9  3 19]
90 [3 9]
91 [ 3  9 19]
92 [19  3]
93 [3]
94 [3]
95 [ 3 19]
96 [3]
97 [ 3 17]
98 [3]
99 [ 3 19]
100 [ 3 19]
101 [19  3 19]
102 [19  3 19 31]
103 [19  3 19 31]
104 [19  3 19]
105 [19  3 21 19]
106 [19  3]
107 [19  3]
108 [19  3]
109 [19  3]
110 [19  3]
111 [ 3 19]
112 [19  3]
113 [19  3]
114 [3]
115 [3]
116 [3]
117 [3]
118 [3]
119 [3]
120 [3]
121 []
122 []
123 []
124 []
125 []
126 []
127 []
128 []
129 []
