0 [19]
1 [19  6]
2 [19]
3 [19]
4 [19]
5 [19]
6 [19  4]
7 [19  4  9]
8 [19 19  9]
9 [19  6 19]
10 [19  6 19]
11 [19  6 19]
12 [19 19  6]
13 [19 19]
14 [19]
15 [19]
16 [19]
17 [6]
18 [6]
19 [6]
20 [19]
21 [19]
22 [19]
23 [19  6]
24 [19 19  6]
25 [19 19]
26 [19 19]
27 [19 19  9 10]
28 [19 19 10  4]
29 [19  4 10]
30 [19  4 10]
31 [19]
32 [19  4]
33 [19 19]
34 [19 19]
35 [19 19 10 21]
36 [19 19]
37 [19 19 21]
38 [19 19]
39 [19  6 19]
40 [19]
41 [19 19]
42 [19]
43 []
44 [19]
45 [19  6]
46 [19  6]
47 [19]
48 [19]
49 [19  6]
50 [19  6]
51 [19]
52 [19]
53 [19]
54 [19]
55 [19]
56 [19 37]
57 [19]
58 [19]
59 [19]
60 [6 4]
61 []
62 [6]
63 [10]
64 [19  9 10  6]
65 [10  9]
66 [19 19]
67 [19 19]
68 [19 10 38]
69 [19 38  6 19]
70 [19 19]
71 [19 19]
72 [19]
73 [19 19]
74 [19 19]
75 [19]
76 [19 19]
77 [19 19  6]
78 [ 6 19]
79 [ 6 19 19]
80 [19 10]
81 [19  6]
82 [6]
83 [19 19]
84 [19 19  6]
85 [19  6]
86 [19  6]
87 [ 6 19  4]
88 [ 6 19 19]
89 [ 6 19 19 19  6]
90 [6 6]
91 [19  6]
92 [6]
93 [ 6 19]
94 [19  6]
95 [19  6]
96 [19 19]
97 [19 19]
98 [19 19  6 10]
99 [3]
100 []
