0 []
1 []
2 []
3 [19  3]
4 []
5 []
6 []
7 []
8 []
9 []
10 []
11 []
12 []
13 []
14 [17  9]
15 [7 9]
16 []
17 []
18 []
19 []
20 []
21 []
22 [3]
23 []
24 []
25 [3]
26 []
27 []
28 [17]
29 [17]
30 [17]
31 [3]
32 [17  3]
33 [3]
34 []
35 [3]
36 []
37 [3]
38 [17  3]
39 [3]
40 [ 3 17]
41 [17]
42 [ 3 17]
43 [3]
44 [3]
45 [3]
46 [3]
47 [ 3 17]
48 [3]
49 [3]
50 []
51 [3]
52 [29  3]
53 [ 3 17]
54 [3]
55 [9]
56 [9]
57 [3]
58 [3]
59 []
60 []
61 [ 3 19]
62 [3]
63 [ 3 19]
64 [ 3 19]
65 [19  3]
66 [19  3]
67 [19  3]
68 [19  3]
69 [19  3]
70 [19  3]
71 [19  3]
72 [ 3 19 34]
73 [ 3 19]
74 [ 3 34 19]
75 [ 3 19 17  1]
76 [ 3 34 19]
77 [ 3 19]
78 [ 3 19 17  1]
79 [ 3 17  4]
80 [19  3]
81 [ 3 19  9 17]
82 [ 3 19]
83 [19  3]
84 [ 3 19]
85 [ 3 34]
86 [19  3]
87 []
88 []
89 [17]
90 []
91 []
92 [17]
93 [17]
94 [17]
95 []
96 [17]
97 [17]
98 [3]
99 []
100 []
101 []
102 [ 9 17]
103 [17  9]
104 [17]
105 [9]
106 []
107 [17]
108 [9]
109 [17]
110 [21  3]
111 [3]
112 [3]
113 [20  3]
114 [ 3 19]
115 [2]
116 [2 3]
117 [ 3 17]
118 []
119 [3]
120 []
121 []
122 [ 3 17 19]
123 [ 9  3 21]
124 [17  3]
125 []
126 [17  3 19  2]
127 [17  3  2]
128 []
129 []
130 [3]
131 [17  3  9  2]
132 [3]
133 [3]
134 [ 3  2 17]
135 [ 3 34]
136 [3]
137 [3 2]
138 [3 2]
139 []
140 []
141 [3]
142 [3]
143 [3]
144 [3]
145 [3]
146 [3]
147 []
148 [3]
149 []
150 [17 17  3]
151 []
152 [17  3]
153 [17]
154 [17]
155 []
156 [ 3 17 17]
157 [3]
158 [3]
159 [ 3 17]
160 [17  3]
161 [17  3]
162 [3]
163 [ 3 17]
164 [11]
165 [17]
166 [17 17  3]
167 [ 3 17]
168 []
169 [17]
170 [17  3]
171 [ 3 17]
172 [3]
173 [ 3 17]
174 [11]
175 [17  3]
176 []
177 [17]
178 [17  3]
179 [17  3]
180 [17]
181 []
182 [3]
183 [17]
184 [17]
185 [17  3]
186 [17  3  2]
187 [17  3]
188 [17  3]
189 [ 3 17]
190 [17]
191 [17]
192 [ 3 19]
193 [3]
194 [3]
195 [3]
196 [3]
197 [3]
198 [11  3]
199 [3]
200 [3]
201 [17]
202 []
203 []
204 []
205 []
206 [3]
207 []
208 []
209 [19]
210 [38 38]
211 [19 38]
212 [19 38]
213 [19 19 38]
214 [19 38 19]
215 [19 38]
216 [19 19 38]
217 [19 38 38]
218 [38 38]
219 [2]
220 [19 38]
221 [19 38 38]
222 [38]
223 [19 38]
224 [19]
225 [19 19]
226 [19]
227 [28]
228 [19 19]
229 [19]
230 [38 19]
231 [19 38]
232 [38 19 19]
233 [19]
234 [19 19]
235 [19]
236 [38]
237 [19 38]
238 [38]
239 [19 38]
240 [19 38 38]
