0 [19 38]
1 [19 38]
2 [19 38 38]
3 [19 38 38]
4 [19 38]
5 [19]
6 [19]
7 [19]
8 [19]
9 [19]
10 [19]
11 []
12 [19]
13 [19]
14 [19]
15 [19]
16 [19]
17 [19]
18 [19]
19 [19  4]
20 [19  4]
21 [19  1]
22 [19]
23 [19]
24 [19]
25 [19]
26 [19]
27 [19]
28 [19]
29 [19]
30 [19]
31 [19]
32 [19]
33 [19]
34 [19]
35 [19]
36 [19]
37 [15 19 18]
38 [16]
39 [19]
40 [19]
41 [19]
42 [19]
43 [19]
44 [19]
45 [19]
46 [19]
47 [19]
48 [19]
49 [19]
50 [15 19]
51 [15]
52 [19 15]
53 [19]
54 [15 13 19  1]
55 [19 13 15]
56 [19 15  4]
57 [19 18]
58 [19 15]
59 [19]
60 [19 21]
61 [19]
62 [19]
63 [19]
64 [19  3 18  4  8]
65 [19  3]
66 [19]
67 [3]
68 [19  3  4]
69 [19  9]
70 [19]
71 [19 19]
72 [19  4]
73 [7]
74 [7]
75 [7 8]
76 [19  8]
77 [19]
78 [19]
79 [19]
80 [19  8]
