0 [19 14]
1 [19 14  6]
2 [19 14]
3 [19 14]
4 [19 14]
5 [21]
6 [19 21]
7 [19]
8 [19]
9 [19]
10 [19]
11 [19  6]
12 [6]
13 [19  6]
14 [ 6 19]
15 [ 6 19]
16 [6]
17 [ 6 19]
18 [ 6 19]
19 [19  6]
20 [19  6]
21 [19  6]
22 [19 10]
23 [ 6 14]
24 [6]
25 [19  6]
26 [19  6]
27 [19  6 19]
28 [19  6]
29 [19  6]
30 [19]
31 [19]
32 [19 14]
33 [19 14  6]
34 [21 19 14]
35 [21 19 14  4]
36 [21 21 19 14]
37 [19 21 14]
38 [21 19]
39 [21 19]
40 [21 19]
41 [21 11]
42 [19 21 11]
43 [21 11 19]
44 [19]
45 [6]
46 [6]
47 [ 6 19]
48 [ 6 19]
49 [6]
50 [ 6 19]
51 [ 6 19]
52 [19 34]
53 [14]
54 [14]
55 [14]
56 [6]
57 [6]
58 [14]
59 [14]
