0 []
1 []
2 []
3 []
4 []
5 []
6 [19 23]
7 [19  3]
8 [19  3  9]
9 [19  3  9]
10 [19 21]
11 [19 21  1]
12 [19 21  1  9]
13 [19 21  1]
14 [19 21  3]
15 [19 21  3]
16 [19 21  3]
17 [19 21  3]
18 [19]
19 [19  1  4]
20 [19  3  9]
21 [19 21]
22 [19 21]
23 [19 21  3]
24 [19 21]
25 [19 21  1]
26 [19  3]
27 [19]
28 [19  3]
29 [19  3]
30 [19 21  3]
31 [19 21  3]
32 [21  3]
33 [ 9 21  3]
34 [ 9 21  3]
35 [ 9 19 21  3]
36 [ 9 21  3]
37 [ 9 19 21  3]
38 [9 3]
39 [19 21  9  3]
40 [19  3  9]
41 [19  9  3]
42 [19  3  9]
43 [19]
44 [19  3 21]
45 [19  3 21]
46 [ 9 19 21  3]
47 [19 21  3]
48 [ 1 21  9  3]
49 [19  9]
50 [19 21  3]
51 [19  3]
52 [19]
53 [ 3 19]
54 [19  3]
55 [19 21  3]
56 [21  3]
57 [19  9]
58 [19  9 21]
59 [19 21  9]
60 [19  9 21]
61 [19  9]
62 [9 3]
63 [ 3 19  9]
64 [19  3  9]
65 [ 3 19]
66 [19  3 21]
67 [19  3 21]
68 [1 2]
69 [2]
70 [2]
71 [2]
72 [19  3]
73 [19  3]
74 [19  3]
75 [19  3]
76 [19  3]
77 [19  3]
78 [19  3]
79 [19  3]
80 [19  3]
81 [19  3]
82 [1]
83 []
84 [9]
85 [19  3  1]
86 [19  3]
87 [3 9]
88 [19  3]
89 [19  3]
90 []
91 []
92 []
93 [19  3]
94 [ 3 19  1 17]
95 [19  3]
96 [19  3  1]
97 [19  3]
98 [19  3]
99 [19  3]
100 [19  3]
101 [19  3 17]
102 [19  3]
103 []
104 []
105 []
106 [19]
107 [ 3 19 21]
108 [19  3]
109 [19  3]
110 [19  3]
111 []
112 []
113 [3]
114 [3]
115 [19  3]
116 [19  3]
117 [19  3]
118 [19  3 21]
119 [19  3 21]
120 [19  3]
121 [19]
122 [19 10]
123 [19]
124 [19]
125 [19  9 10]
126 [19]
127 [19]
128 [19]
129 [19]
130 [19  9 10]
131 [19 10]
132 [19  9 10]
133 [19]
134 [19]
135 [19]
136 [19]
137 [4]
138 [9]
139 [19]
140 [19]
141 [19]
142 [19]
143 [19]
144 [19]
145 []
146 []
147 [19  3]
148 [19]
149 [19  9]
150 [19 10]
151 [19]
152 [19]
153 []
154 []
155 []
156 []
157 []
158 []
159 []
160 []
161 []
162 []
163 []
164 []
165 []
166 []
167 []
