0 [ 6 14]
1 [ 6 19 14  3]
2 [19  6 14]
3 [6]
4 [19  6 19]
5 [19  6]
6 [6]
7 [ 6 19]
8 [ 6 19 14]
9 [ 6 14]
10 [19 14  6]
11 [ 6 19 14]
12 [19  6 14]
13 [ 6 19]
14 [19  6]
15 [11]
16 [11  6]
17 [ 6 11]
18 [ 6 19 14]
19 [ 6 19 14]
20 [14  6]
21 [21 14  3]
22 [21  6 14]
23 [21  3]
24 [21  3]
25 [ 3 21 19]
26 [19 21  3]
27 [19 21  6  3]
28 [21 19  6 14  3]
29 [19  6 14]
30 [19  6 14]
31 [ 6 14]
32 [ 6 19]
33 [6]
34 [ 6 19]
35 [ 6 21 19]
36 [ 6 19]
37 [ 6 19 11]
38 [6]
39 [14 19  6]
40 [19 14  6]
41 [14 19  6]
42 [19 14]
43 [6]
44 [11  6]
45 [11  6]
46 [11]
47 [11  6]
48 [ 6 11 14]
49 [ 6 21  3]
50 [21  3]
51 [21  3 14  6]
52 [21  3]
53 [21  3 14]
54 [21  3]
55 [21 21  3 19]
56 [21  3 19]
57 [21 19 14]
58 [19 21  3  6]
59 [ 6 21  3]
60 [19 21  6  3]
61 [21 19  6]
62 [19  6]
63 [ 6 19 19]
64 [6]
65 [6]
66 [6]
67 [6]
68 [ 6 19]
69 [ 6 19]
70 [ 6 19]
71 [6]
72 [ 1 19  6]
73 [19]
