0 [19]
1 [19 19]
2 [19 19 10]
3 [19]
4 [19]
5 [19 19 19]
6 [19 19 19 19]
7 []
8 [19 19  9]
9 [19 19  9]
10 [19  6 19]
11 [19 19]
12 [19 19]
13 [19 19  6]
14 [19 19  9]
15 [ 6 19 10]
16 [10]
17 [ 6 19]
18 [19]
19 [19  9  6 15]
20 [19 19  9]
21 [19 19]
22 [19 19]
23 [19 19]
24 [19 19]
25 [19 19]
26 [19 19]
27 [19  9 32]
28 [19 19]
29 [19 19  4]
30 [19 19]
31 [19 19 34]
32 [19 19  4  6]
33 [19 19]
34 [19 19]
35 [19 19]
36 [19 19]
37 [19 19]
38 [19 19  6  9]
39 [19 34]
40 [19 34 19]
41 [19 19]
42 [19 19]
43 [19 19  6]
44 [19 19]
45 [19 19  6]
46 [19 19]
47 [19 19 34]
48 [19 19]
49 [19 19  4]
50 [19  6  9]
51 [19]
52 []
53 [19]
54 [19 19]
55 [19 14]
