0 [ 6 19]
1 [6]
2 [6]
3 [ 6 19  4]
4 [19  4]
5 [19]
6 [19]
7 [19]
8 [6]
9 [14  6 19]
10 [19  6]
11 [14]
12 [19 14  6]
13 [19 14 28]
14 [14  6 19]
15 [14  4  6]
16 [14  6]
17 [ 6 14]
18 [6]
19 [6]
20 [6]
21 []
22 [2]
23 [6 7]
24 [6]
25 [6]
26 [14  6]
27 [14  4  6]
28 [14 19  4]
29 [14]
30 [14]
31 [14  4]
32 [4]
33 [4]
34 [6]
35 [6]
36 [ 6 11]
37 [19  4  6]
38 [19]
39 [19 14  4]
40 [19 14]
41 [19 14  4]
42 [19 14]
43 [14]
44 [14 19]
45 [19  6 14]
46 [14 19]
47 [14 19]
48 [19 14]
49 [14  6]
50 [19]
51 [19]
52 [19]
53 []
54 []
55 [ 6 14]
56 [19  6]
57 [ 6 19]
58 [6]
59 [6]
60 [ 6 19]
61 [6]
62 [6]
63 [1]
64 [1]
65 []
66 [14  6]
67 [14]
68 [14]
69 [14]
70 [6]
71 [19 11  4]
72 [19]
73 [19 14  4]
74 [14  4  6 19]
75 [19 14  4]
