0 [19  6]
1 [19  6]
2 [19  7  6]
3 [19  7]
4 [19  6]
5 [19]
6 [19]
7 [19]
8 [19  6]
9 []
10 []
11 [ 6 19]
12 [19  6]
13 [9]
14 [19 17]
15 [19]
16 [19  6]
17 [19  6]
18 [19  6]
19 [19  6  7]
20 [19  6]
21 [19  6  7]
22 [19 34  7]
23 [19 34 20]
24 [19]
25 [19  7]
26 [ 7 19  6]
27 [19  7  4]
28 [19  7  6  4]
29 [6]
30 [11]
31 [19  4]
32 [19  4 19]
33 [4 6]
34 [19  4]
35 [19 19 12  4]
36 [19 19 12]
37 [19 19 10]
38 [19]
39 [10]
40 [19 10  6]
41 [1]
42 [ 4 10]
43 [4]
44 [4]
45 [14]
46 [19 14]
47 [19  4  3]
