0 [19  9 19  6]
1 [ 9 19]
2 [9]
3 [19  9 19 10]
4 []
5 [12 19]
6 [19]
7 [19]
8 [19 19  9  6]
9 [19 19]
10 [19  6 19]
11 [19]
12 [19]
13 [19  9]
14 [7]
15 []
16 [6]
17 [19  6]
18 [19  6]
19 [6 6]
20 [19  6]
21 [6 6]
22 [19  6]
23 [ 9 19  6]
24 [ 6 19]
25 [19 19  9  9]
26 [ 6 19]
27 [19  6]
28 [19  6]
29 [6]
30 [6]
31 [6]
32 []
33 []
34 []
35 []
36 [19]
37 [19]
38 []
39 []
40 []
41 []
42 [21 14]
43 [19 14]
44 [19 14]
45 [21 14]
46 [21 14]
47 [21]
48 [19]
49 []
50 []
51 []
52 []
53 [19]
54 [19]
55 []
56 [19]
57 [19]
58 [19]
59 [19 38]
60 [19 38]
61 [19]
62 [19  1]
63 [19]
64 []
65 [2]
66 [19  6  2]
67 [19  6]
68 []
69 [19]
70 []
71 [19 19]
72 [19]
