0 []
1 []
2 [19 21 21]
3 [19 21]
4 [19  6]
5 [19]
6 [6]
7 [21]
8 [19]
9 []
10 []
11 [15]
12 [19 21  3]
13 [ 6 19]
14 [19 21]
15 [9 6]
16 [6]
17 [19  6]
18 [19  6 34]
19 []
20 [1]
21 []
22 []
23 [15 19]
24 []
25 [15]
26 [15 19]
27 [15 15]
28 [15]
29 [4]
30 [19 34]
31 [19]
32 [ 4 34]
33 [19 34]
34 [34]
35 []
36 [4]
37 [19 34]
38 [19]
39 [ 4 12]
40 [19 34]
41 [19 34]
42 []
43 [34]
44 [19 34]
45 [34 19]
46 [19 34]
47 [19 21]
48 [19 21 21]
49 [19 21]
50 [21 19]
51 [19 21 10]
52 [21]
53 [19 21 21]
54 [19 21 21]
55 [19 21 21]
56 [19 21]
57 [19 21  3]
58 [19 21 21]
59 [21 19]
60 [21 19]
61 [19 21  3]
62 [21 14]
63 [21 19]
64 [21]
65 []
66 [21 19]
67 [21]
68 [19 21 21]
69 []
70 [21]
71 []
72 []
73 [21 19 21]
74 []
75 [21 19]
76 []
77 [21 19]
78 [19 21]
79 [21 19]
80 [19 21 21]
81 [19 21]
82 [19]
83 [19  9]
84 [6]
85 [6]
86 [19  6]
87 [19]
88 []
89 [15  1]
90 [21 14]
91 [21 14]
92 [ 6 19]
93 [19]
94 [19]
95 [6]
96 [19]
97 []
98 []
99 []
100 []
101 []
102 [2]
