0 []
1 []
2 []
3 []
4 []
5 []
6 []
7 []
8 []
9 []
10 []
11 []
12 []
13 []
14 []
15 []
16 []
17 []
18 []
19 []
20 []
21 []
22 []
23 []
24 []
25 []
26 []
27 [19  3]
28 [ 6  3 19]
29 [19  3]
30 [19 19 19 19  3]
31 [19 19 20 19 21  3 19]
32 [19 19 19  3 21]
33 [19 19 20 19  3 19]
34 [19 19 19 21  3 19 19 20]
35 [19 19 19 19 20  3 19 21]
36 [19 19 19 19 19  3 19 23]
37 [19 19  3]
38 [19 19  3 26 19 20]
39 [ 3 19]
40 [19  3]
41 [3]
42 [ 3 19]
43 [19  3]
44 [19  3]
45 [19 19  3]
46 [3]
47 [3]
48 []
49 []
50 [6]
51 [19 11]
52 [19]
53 [3]
54 [3]
55 [3]
56 [3]
57 [3]
58 [ 3 22  6]
59 [6 3]
60 [19  3  6]
61 [ 3 19]
62 [21  3]
63 [3]
64 [ 3 19  6]
65 [3]
66 [3]
67 [3]
68 [3]
69 [3]
70 [3]
71 [3]
72 [3]
73 [ 3 38]
74 [3]
75 [3]
76 [3]
77 [21  3]
78 [21 21  3]
79 [21 21  3]
80 [21 21  3 22]
81 [19  3  6 22 21]
82 [ 3 22]
83 [ 3 21]
84 [21  3]
85 [21  6]
86 [21]
87 []
88 [19]
89 [ 3 21]
90 [3]
91 [3]
92 [3]
93 [ 3 21]
94 [ 3 21]
95 [ 3 22]
96 [3 6]
97 [3 6]
98 [ 3 21  6]
99 [21  3]
100 [ 3  6 21]
101 [6 3]
102 [3 6]
103 [3]
104 [3]
105 [3]
106 [3]
107 [3]
108 [3]
109 [3]
110 [3]
111 [3]
112 [3]
113 [3]
114 [3]
115 [ 3 21]
116 [3]
117 [21  3]
118 [21  3]
119 [21  3]
120 [ 3 19]
121 [ 3 19 21]
122 [3]
123 [3]
124 [3 6]
125 [3]
126 [3]
127 [ 3 19]
128 [3 6]
129 [3 6]
130 [3]
131 [19 22]
132 [ 3 22 21]
133 [3]
134 [3]
135 [3]
136 [ 3 21]
137 [ 3 22]
138 [ 3 19]
139 [3]
140 [ 3 19 21]
141 [19  3  6]
142 [ 3 21]
143 [ 3 21]
144 [3]
145 [3]
146 [3]
147 [3]
148 [3]
149 [3]
150 [3]
151 [ 3 19]
152 [3]
153 [3]
154 [3]
155 [ 3 21]
156 [3]
157 [3]
158 [3]
159 [21  3]
160 [3]
161 [19  3]
162 [ 3 19]
163 [ 3 19]
164 [3]
165 [ 3 19 21]
166 [3]
167 [3]
168 [3]
169 [3]
170 [ 3 19]
171 [19  3]
172 [3]
173 [ 3 19]
174 [3]
175 [19  3]
176 [3]
177 [3]
178 [3]
179 [3]
180 [3]
181 [ 3 21]
182 [ 3 21]
183 [ 3 22 21]
184 [3]
185 [3 6]
186 [3 6]
187 [3 6]
188 [3 6]
189 [3 6]
190 [3 6]
191 [3]
192 [ 3 19]
193 [3]
194 [3]
195 [3]
196 [3]
197 [3]
198 [ 3 19]
199 [3]
200 [3]
201 [3]
202 [3]
203 [3]
204 [3]
205 [3]
206 [3]
207 [3]
208 [3]
209 [3]
210 [ 3 21]
211 [ 3 22]
212 [3]
213 [3]
214 [3]
215 [19  3]
216 [19  3 21]
217 []
218 []
219 []
220 []
221 []
222 []
223 []
224 []
225 []
226 []
227 []
228 []
229 []
230 []
231 []
232 []
233 []
234 []
235 []
236 []
237 []
238 []
239 []
240 []
241 []
242 []
243 []
