0 [21]
1 [6]
2 [6]
3 [19]
4 []
5 [28]
6 [28]
7 [28]
8 [19 14]
9 [10  6]
10 [21]
11 [12]
12 []
13 []
14 []
15 [6]
16 [6]
17 [6]
18 []
19 [6]
20 [6]
21 [19 26]
22 [19]
23 [ 4  6 19]
24 [ 4  6 19]
25 [19]
26 []
27 [10]
28 [10]
29 [21 10]
30 []
31 []
32 [10]
33 [6]
34 []
35 [6]
36 []
37 []
38 []
39 [6]
40 [10 12]
41 [10]
42 []
43 []
44 [10  6]
45 [6]
46 [6]
47 [6]
48 [19  6]
49 [19]
50 [4]
51 [6]
52 [19]
53 [10]
54 [10 21]
55 [19 10]
56 [10]
57 [10]
58 [19 10]
59 []
60 []
61 []
62 []
63 [6]
64 [6]
65 [6]
66 [11  6]
67 [6]
68 [ 6 19]
69 [19]
70 [19 37 37 19]
71 [37 37 12]
