0 []
1 [14]
2 []
3 []
4 []
5 []
6 []
7 []
8 []
9 []
10 []
11 [19 10]
12 [19 10]
13 [19 14]
14 [ 6 10]
15 [19]
16 [10]
17 [19]
18 [19 14]
19 [19]
20 [19 10]
21 [19 14]
22 [19 14]
23 [19 10]
24 [19 10]
25 [19 14]
26 [19 10]
27 [19 10]
28 [19]
29 [19]
30 [19]
31 [19]
32 [19]
33 [19]
34 [19]
35 [19]
36 [19 38]
37 [19]
38 [19 38 10]
39 [19 10 38]
40 [19 10]
41 [19 10]
42 [19]
43 []
44 []
45 [19]
46 [19]
47 [19 10]
48 [19]
49 [19 10]
50 [19 10]
51 [19 10]
52 [19 18]
53 []
54 [14]
55 [14]
56 [10]
57 [10]
58 [10]
59 [10]
60 [14]
61 [14]
62 []
63 []
64 [10]
65 [10]
66 [19 22 10]
67 [19  6]
68 [6]
69 [6]
70 [10]
71 [19 19 10]
72 [19]
73 [19]
74 [14]
75 []
76 [6]
77 [19  6 11]
78 [6]
79 [19  6]
80 [ 6 22]
81 [19  6]
82 [11  6 10]
83 [10]
84 []
85 [19 19]
86 []
87 []
88 [19]
89 [19  6]
90 [19]
91 [19  6]
92 [38 19]
93 [38 19]
94 [38 38]
95 [19 38 38]
96 [38]
97 []
98 [19 38]
99 [19 38]
100 [38]
101 [38]
102 []
103 [19]
104 [19 38 38]
105 [38 19 19 38]
106 [19]
107 [19 19 38]
108 [19 19 38 19 38  5]
109 [19 38 38 19]
110 [19 38 38]
111 [19 19 38]
112 [19 38 38]
113 [19 19 38 26 38]
114 [19 19 38 38]
