0 []
1 [6]
2 [6]
3 []
4 [2]
5 [4]
6 [19]
7 [19]
8 [19]
9 [19]
10 [19]
11 [19]
12 [19]
13 [19]
14 [19]
15 [19]
16 [19]
17 [19]
18 [19 10]
19 [19 21]
20 [19 21  6]
21 [19 21  9]
22 [19]
23 [19]
24 [19]
25 [19]
26 [19 29]
27 [19]
28 [19]
29 [19  6  9]
30 [19]
31 [19]
32 [19]
33 [19  6  9]
34 [19]
35 [19]
36 [19  6]
37 [19  6]
38 [19  6]
39 [6]
40 [6 4]
41 [6]
42 [8 6 4]
43 [6 4]
44 [4 6]
45 [2]
46 [4 6]
47 [19]
48 [19  6]
49 [19]
50 [19]
51 [19 14 21]
52 [19 21 21 14]
53 [19 21 21 14]
54 [19 21 14]
55 [19 21]
56 [19 21  6]
57 [19  6]
58 [19]
59 [ 6 14]
60 [19  6]
61 [6]
62 [ 6 19]
63 [6]
64 [6]
65 [6]
66 [6]
67 [6]
68 [6]
69 []
70 []
71 [6]
72 [19  9]
73 [19]
74 [19 37]
75 [19]
76 [19]
77 [19]
78 [19]
79 [19]
80 [19]
81 [19]
82 []
83 [6]
84 []
85 [6]
86 []
87 []
88 []
89 []
90 []
91 []
92 []
93 []
94 []
95 [19]
96 [19]
97 [19]
98 [19]
99 [19]
100 [19]
101 [19]
102 [19]
103 [19]
104 [19]
105 [19]
106 [19]
107 [19]
108 [19]
109 [19]
110 [19]
111 [19]
112 [19]
113 [19]
114 [19]
115 [19]
116 [19]
117 [19 16]
118 [6]
119 [9 6]
120 [9]
121 [6 4]
122 [6]
123 [19  4]
124 [19]
125 [19  6]
126 [19 21]
127 [19]
128 [19]
129 [19  9]
130 [19]
131 [19]
132 [19]
133 [19]
134 [19]
135 []
136 []
137 []
138 []
139 []
140 []
141 []
142 []
143 []
144 []
145 []
146 []
147 []
