0 [21 22]
1 [21 22 22 22 19]
2 [21 22 21 22]
3 [21 22 21 19 22  6]
4 [19 22 21 19 22 22  6]
5 [19 22 22  6 22 21 19]
6 [22  6 19 19 14]
7 [19  6 22 21 19]
8 [19 21  6 22 22 21]
9 [22 21 22]
10 [21 22  6 19]
11 [21  6 22 21 21]
12 [21 22]
13 [21 22 21  3]
14 [21 21]
15 []
16 [14]
17 [19 21]
18 []
19 [ 6 14]
20 [6]
21 [6]
22 [6]
23 [ 6 11]
24 [22  6 19]
25 [19 22  6 22]
26 [21 21 22  6 19]
27 [ 6 19 22 22 21]
28 [22 21 22 22]
29 [22 21 22 21]
30 [22 21 21]
31 [21 22 19 22]
32 [19 21 22 21]
33 [19 21 25 22 22 21  6 26]
34 [21 19 22  6 22 19 26]
35 [21  6 21 22 21 22]
36 [19  6 22 22]
37 [ 6 22 19]
38 [19  6 22]
39 [22 22 19 21]
40 [22 22 21  6]
