0 [ 6 14]
1 [ 6 14]
2 [ 6 19 14]
3 [ 6 19 14]
4 [ 6 19 14]
5 [ 6 19 14]
6 [19 14  6]
7 [19 14  6]
8 [19 14]
9 [19 14]
10 [19 14]
11 [19 14]
12 [19 14]
13 [19 14]
14 [19 14]
15 [19 14]
16 [19 14]
17 [14]
18 [14]
19 [14]
20 [14]
21 [14 19]
22 [14 19]
23 [19 14]
24 [19 14]
25 [19 14]
26 [19 14]
27 [19 14  6]
28 [19 14]
29 [19 14]
30 [19 10]
31 [19 14]
32 [19 14]
33 [19 14]
34 [19 14]
35 [19 14]
36 [19 14  6]
37 [19 14]
38 [19 14]
39 [14]
40 [14]
41 [14]
42 [14]
43 [14]
44 [14]
45 [14]
46 [14]
47 [14 19]
48 [19 14]
49 [19 14]
50 [19 14]
51 [19 14]
52 [19 14]
53 [19 14]
54 [19 14]
55 [19 14]
56 [19 14 10]
57 [ 6 14 19 10]
58 [ 6 19 14]
59 [14  6 19 10]
60 [ 6 14 19]
61 [ 6 14 19]
62 [19 14  6]
63 [19 14]
64 [19 14]
65 [19 14]
66 [19 14]
67 [19 14]
68 [14]
69 [14]
70 [14]
71 [19 14]
72 [19 14]
73 [19 14  6]
74 [14]
75 [19 14]
76 [19 14]
77 [19 14 10]
78 [14]
79 [14 10]
80 [19  9 14]
81 [ 6 14]
82 [ 6 14 19 10]
83 [19 14  9  6 10]
84 [19 14  6]
85 [19 14  6]
86 [19 14]
87 [14 19]
88 [19 14]
89 [19 14]
90 [14 19]
91 [19 14]
92 [19 14]
93 [19 14  6 34  7]
94 [19 14 34]
95 [19 14]
96 [19 14]
97 [19 14 10]
98 [19 14]
99 [19 14]
100 [19  6]
101 [6 6]
102 [19]
103 [19 14]
104 [19 14  6]
105 [19 14]
106 [19 14  6]
107 [19 14]
108 [19 14]
109 [19 14  6]
110 [19 14]
111 [19 14]
112 [14 19]
113 [14 19]
114 [19 14]
115 [19 14  6]
116 [19 14 21]
117 [19 14]
118 [19 14]
119 [19 10]
120 [ 6 14]
121 [19  6]
122 [6]
123 [19 14]
124 [19  6]
125 [19  6]
126 [19 10]
127 [19 10]
128 [14]
129 [14]
130 [14]
131 [14]
132 [14]
133 [14]
134 [14]
135 [14]
136 [14]
137 [14]
138 [14]
139 [14]
140 [14]
141 [14]
142 [14]
143 [14]
144 [14]
145 [14]
146 [14]
147 [14]
148 [14]
149 [14]
150 [14]
151 [14]
152 [14]
153 [14]
154 [14]
155 [14]
156 [14]
157 [14]
158 [14]
159 [14]
160 [14]
161 [14]
162 [14]
163 [14]
164 [14]
165 [14]
166 [14]
167 [14]
168 [14]
169 [14]
170 [14]
