0 [4]
1 [19 18]
2 []
3 [18]
4 []
5 [8]
6 [8]
7 [6]
8 [6]
9 [6 1]
10 [2]
11 [2]
12 [2]
13 [6]
14 [6]
15 [6]
16 [19]
17 [19]
18 [19]
19 [19]
20 [2]
21 [2]
22 [2]
23 [19]
24 [19  6]
25 [6]
26 [19 21]
27 [19 21  6]
28 [19  1  6  7]
29 [19  1]
30 [19]
31 [19  1]
32 [19]
33 [19]
34 [19]
35 [19]
36 [19]
37 [19]
38 [ 6 19 19]
39 [19 19  6]
40 [19 19  6]
41 [ 6 19]
42 [19  6]
43 [19  6]
44 [19  6]
45 []
46 [7]
47 [19]
48 [19]
49 [19]
50 [19]
51 [19  1]
52 [19]
53 []
54 [19 19 37]
55 [19]
56 [19]
57 [19 14]
58 [19]
59 [19]
60 [19]
61 [19 37 19]
62 [19  6]
63 [19]
64 [19]
65 [19]
66 []
67 [19]
68 [6 4]
69 [19]
70 [19]
71 [19]
72 [19]
73 [19 37 37 37 37]
74 [19]
75 [19 21]
76 [19 21]
77 []
78 [19  6 21]
79 [19 22]
80 [19]
81 [19]
82 [19  6 19]
83 [19  6]
84 [19]
85 [19  1]
86 [19  7]
87 [19]
88 [19  1]
89 [19 37]
90 [19]
91 [19]
92 [19]
93 [19]
94 [19]
95 [19]
96 [19]
97 [19]
98 [19]
99 [19]
100 [19]
101 [19 37]
102 [19]
103 [19]
104 [19]
105 [ 6 19]
106 [19]
107 [19]
108 [19]
109 [19]
110 [19]
111 [19]
112 [19]
113 [19]
114 [19]
115 []
116 []
117 [6]
118 [6]
119 [6]
120 [6]
121 [6]
122 [6]
123 [19 19]
124 [19 19]
125 [19]
126 [19]
127 [19 37]
128 [19 19]
129 [19]
130 [19 19]
131 [19]
132 [19]
133 [19 37]
134 [19]
135 [19 19]
136 [19]
137 [19  6]
138 [19 37]
139 [19  6]
140 [19]
141 [19]
142 [19]
143 [19 14]
144 [19]
145 [ 6 19]
146 [19]
147 [19  6]
148 [6]
149 [19  1]
150 [2]
151 []
152 [19 19]
153 [19 19 21]
154 [19 19 15]
155 [19]
156 [19]
157 []
158 []
159 [19]
160 [19]
161 [2]
162 []
163 []
164 [2]
165 [38  6]
166 [ 6 19 38]
167 [6]
168 [19]
169 [19  7]
170 [19  6]
171 [19]
172 [19]
173 [19]
174 [6]
175 [6]
176 [6 7]
177 [6 7]
178 [19  6]
179 [19  7]
180 [19  6]
181 []
182 []
183 [19]
184 [7]
185 [2 6]
186 [6]
187 [19]
188 [19]
189 [19]
190 []
191 [19 14]
192 [19]
193 [19]
194 [19]
195 [19]
196 [19 19  1]
197 []
198 [19]
199 [19]
200 [21 19]
201 [14 19  6]
202 [14]
203 [19]
204 []
205 [19]
206 [19]
207 [19 19  2]
208 [6]
209 [6]
210 [19  6]
211 [6]
212 [6]
213 [7]
214 [6]
215 [ 6 19]
216 [19 19]
217 [4]
218 [19  6]
219 [4]
220 [6]
221 [6]
222 [6 4]
223 [6]
224 [6 4]
225 [7]
226 [6]
227 [6]
228 [6]
229 [6]
230 [6]
231 [6]
232 [19  6]
233 [19  6]
234 [19  6]
235 [19 19]
236 [19 19]
237 [19 19]
238 [19 19]
239 [19 19]
240 [19 19 19 10]
241 [19 19 19  6]
242 [19 19]
243 [19 26  4]
244 [19 26]
245 [19 19]
246 [19 19]
247 [19 19]
248 [19 19 19]
249 [ 6 19]
250 [19 26]
251 [19 19]
252 [19 19 19]
253 [19 19 19]
254 [19 19 19]
255 [19 19  6]
256 [19]
257 [19 26]
258 [19 19 19]
259 [19 19 19]
260 [19 19 19]
261 [19 19 19]
262 [19]
263 [19 26]
264 [19 19]
265 [19 19 19 21  6]
266 [19]
267 [19]
268 [19 19  6]
269 [19]
270 [19 19 21]
271 [19 21  6]
272 [19]
273 []
274 []
275 [19]
276 []
277 []
278 [3]
279 [3]
280 [3]
281 [3]
282 [3]
283 [3]
284 [3]
285 [3]
286 [3]
