0 [19  3]
1 [19  3]
2 [19 19  6]
3 [19 19]
4 [19  4 19]
5 [19 19]
6 [19 19 21]
7 [19]
8 [19]
9 [19 19]
10 [19]
11 [21]
12 [19 19]
13 [19 19]
14 [19 20]
15 [19 19]
16 [19  6 19]
17 [19 19]
18 [19 20 19]
19 [19 19 20]
20 [19 21 19]
21 [19 19]
22 [19 19]
23 [19 19]
24 [19]
25 [19]
26 [19 19]
27 [19 19]
28 [21 19  3]
29 [19 19]
30 [19 21  3]
31 [21 19]
32 [19 21 19]
33 [19 19 21]
34 [19 21 19]
35 [19 21 19 26]
36 [19 21 19]
37 [19 21]
38 [19 21]
39 [21 19 19]
40 [19 21]
41 [19 21]
42 [19 21  3]
43 [19  3]
44 [19  3]
45 [19]
46 [19]
47 [19]
48 [19]
49 [19]
50 [19]
51 [19]
52 [19]
53 [19]
54 [19  3]
55 [19 19 21  3]
56 [19 19 21  6]
57 [19 19 21  6 30]
58 [19 19 21]
59 [19 21  6  6]
60 [19 19 21  6]
61 [19 21  6]
62 [19 21  6]
63 [19 21]
64 [19 21  6]
65 [19 21  6]
66 [19  6 21 19]
67 [19 21  6]
68 [19 19 21  6]
69 [19 19 21  6]
