0 []
1 []
2 []
3 []
4 []
5 []
6 []
7 []
8 []
9 [19]
10 [38 19]
11 [10]
12 [10]
13 [10]
14 [10]
15 [10]
16 [10]
17 [10]
18 [10]
19 [10]
20 [10]
21 [10]
22 [10 19]
23 [10]
24 [10]
25 [10]
26 [10]
27 [19]
28 [19]
29 []
30 []
31 [14]
32 []
33 [19 14]
34 [14]
35 [14]
36 [14]
37 [14 19 38]
38 [14]
39 [14 19]
40 [14]
41 [14]
42 [21 14 19]
43 [14 19]
44 [14 19]
45 [14]
46 [14]
47 [14]
48 [ 6 14]
49 [14]
50 [14 19]
51 [14]
52 [14]
53 [14 19]
54 [14]
55 [14]
56 [14]
57 [14  6]
58 [14]
59 [14 19]
60 [14]
61 [19 14  6]
62 [19  6 14]
63 [14]
64 [14]
65 [14 19  4  6]
66 [14 19]
67 [14]
68 [14]
69 [14]
70 [14]
71 [19 14]
72 [14]
73 [14]
74 [14]
75 [14]
76 [14]
77 [14]
78 [19 14]
79 [14]
80 [14 19]
81 [19 14]
82 [19 14]
83 [14 21 22]
84 [14]
85 [14]
86 [14]
87 [14]
88 [14]
89 [14 19  6]
90 [14]
91 [14]
92 [14]
93 [14]
94 [19]
95 [19]
96 []
97 []
98 []
99 []
100 []
101 []
102 []
103 []
