0 [1]
1 [1]
2 [1]
3 []
4 []
5 [19  6]
6 []
7 [19]
8 []
9 []
10 []
11 []
12 []
13 []
14 []
15 []
16 [19]
17 [19]
18 [19]
19 [19]
20 [19]
21 [6]
22 [19  6 10]
23 [19]
24 []
25 [19]
26 [19 12]
27 [19]
28 [12]
29 []
30 []
31 [19]
32 [38]
33 []
34 []
35 []
36 []
37 []
38 [4]
39 [1]
40 []
41 [4]
42 [ 9 21 21]
43 [9]
44 [ 9 21 21]
45 [9]
46 []
47 []
48 [4]
49 []
50 [4 1]
51 [4 7]
52 [4]
53 [4 1]
54 [19]
55 [19]
56 [19]
57 [19]
58 [19]
59 [19]
60 [19]
61 []
62 [6]
63 []
64 [2]
65 [1 1]
66 [1]
67 [2]
68 []
69 [21 19]
70 []
71 []
72 [2]
73 []
74 []
75 []
76 []
77 []
78 []
79 []
80 [21  6 21]
81 [21 21 21 21 21 21 21 21 21]
82 [21 21 21 21 21 21 21 21 21]
83 [7]
84 []
85 [8]
86 [8]
87 []
88 []
89 []
90 []
91 []
92 []
93 []
94 []
95 [19]
96 [19  1]
97 [ 1 19]
98 [19]
99 []
100 []
101 []
102 []
103 [6]
104 [6]
105 [6]
106 [6]
107 [6]
108 [6]
109 [6]
110 [22 13]
111 []
112 []
113 []
114 []
115 []
116 [2]
117 [19  2]
118 [19]
119 [19]
120 [19 12]
121 [19 12]
122 [12 19]
123 [12 19]
124 [6]
125 [ 6 14]
126 [6]
127 [6]
128 [6]
129 [6]
130 [6]
131 [19]
132 [19]
133 []
134 []
135 []
136 []
137 []
138 []
139 []
140 []
141 []
142 []
143 []
144 []
145 [9]
146 []
147 []
148 []
149 [9]
150 [9]
151 []
152 []
153 [9]
154 []
155 []
156 []
157 []
158 []
159 []
160 []
161 []
162 [15  5]
163 []
164 []
165 []
166 [3]
167 []
168 [1]
169 []
170 []
