0 []
1 []
2 []
3 []
4 []
5 [19]
6 [19]
7 [6]
8 [19]
9 []
10 [19]
11 [19]
12 []
13 []
14 [19]
15 []
16 [19]
17 [19]
18 []
19 [19]
20 []
21 [19]
22 [ 4 19]
23 [19]
24 []
25 []
26 [18 17]
27 []
28 []
29 [19  4]
30 [19]
31 []
32 []
33 []
34 []
35 [6]
36 [ 6 19]
37 []
38 []
39 [19]
40 [19]
41 [38]
42 []
43 []
44 []
45 []
46 []
47 []
48 []
49 []
50 [19]
51 []
52 []
53 []
54 [19  6]
55 []
56 [19]
57 []
58 [19]
59 [19]
60 [19]
61 [19]
62 [19]
63 [19]
64 [19]
65 [19]
66 []
67 []
68 [6]
69 [19]
70 [19]
71 [19  7  6]
72 [6]
73 [19  6]
