0 [ 6  6 16]
1 [19  6  6]
2 [ 6  6 19 10]
3 [ 6  6 19  9]
4 [6 6 9]
5 [ 6 19  6]
6 [ 6 38 19]
7 [6 6]
8 [ 6 19 14]
9 [ 6 19]
10 [19 14  6]
11 [ 6 14 19]
12 [19 14]
13 [19 14  6]
14 [ 6 19 14]
15 [19]
16 [19  6]
17 [19  6]
18 [19  6 14  6]
19 [ 6 19]
20 [38  6 19]
21 [19  6 38]
22 [19  6 14]
23 [19  6 14]
24 [ 6 19]
25 [ 6 19]
26 [19  6 14]
27 [19  6 14]
28 [19  6]
29 [19]
30 [19 14]
31 [19 14]
32 [ 6 14 19]
33 [ 6 19]
34 [19  6  6]
35 [6 6]
36 [6 6 9]
37 [6 9]
38 [19  6  9]
39 [ 6 19]
40 [38  6 19]
41 [ 6 19]
42 [ 6 14]
43 [ 6 14 19]
44 [19 14  6]
45 [19  6]
46 [19 14  6]
47 [19  6 14]
48 [ 6 19]
49 [19  6]
50 [ 6 19 14]
51 [19  6 38]
52 [6]
53 [ 6 19  9]
54 [ 6 14]
55 [ 6 19]
56 [6]
57 [ 6  6 14]
58 [19  6 14]
59 [19  6 14]
60 [19 14  6]
61 [19  6 14]
62 [19  6 14]
63 [ 6 19]
64 [19  6]
65 [19  6]
66 [ 6 19  9]
67 [6]
68 [ 6 19]
69 [ 6 19]
70 [6 6]
71 [ 6 19 14]
72 [19  6]
73 [ 6 19]
74 [ 6 19 14]
75 [ 6 14]
76 [19 14]
77 [19  6 14]
78 [19  6 14]
79 [19  6 14]
80 [19  6]
81 [19  6]
82 [ 6 19]
83 [6]
84 [ 6 19]
