0 [6]
1 [6]
2 [6]
3 [6]
4 [ 6 19]
5 [ 6 19 17]
6 [ 6 19]
7 [ 6 19]
8 [ 6 19]
9 [6]
10 [ 6 19]
11 [ 6 19  1]
12 [ 6 19  4]
13 [6 4]
14 [ 6 19  4]
15 [ 6  4 21]
16 [ 6 19  4]
17 [ 6 19  4 21]
18 [ 6 19  4  4]
19 [6 6 4]
20 [6 4]
21 [6 4]
22 [4]
23 [6 4]
24 [6 4]
25 [ 6 19  4]
26 [ 6 19  4 11]
27 [ 6 19 21]
28 [ 6 19 21  4]
29 [ 6 19  4]
30 [ 6 19  4]
31 [19  6  4]
32 [ 6 19  4]
33 [ 6 19  4 22]
34 [ 6 19  4 22]
35 [ 6 19  4]
36 [19  6  4]
37 [19  6  4]
38 [ 6 19  4]
39 [ 6 19  4]
40 [19  6  4]
41 [ 6 19  4]
42 [ 6 19  4]
43 [ 6 19  4 26]
44 [6 4]
45 [ 6 26]
46 [ 6 19  4]
47 [ 6 19  4]
48 [ 6 19 26]
49 [ 6 19  4]
50 [ 6 19  4]
51 [19  6 26]
52 [ 6 19 26]
53 [ 6 19 11]
54 [ 6 19  4]
55 [ 6 19  4 22]
56 [19  6  4 22]
57 [19  6  4 26]
58 [19  6]
59 [19  6  4]
60 [19  6  4]
61 [19  6  4]
62 [19  6  4]
63 [ 6 19  4]
64 [6 4]
65 [6 4]
66 [6 4]
67 [6 4]
68 [6 4]
69 [6 9 4]
70 [6 4]
71 [ 6 19 11]
72 [6 7 6 8 4]
73 [ 6 19 19  4 34]
74 [ 6 19]
75 [19  6]
76 [ 6 19]
77 [ 6 19]
78 [ 6 19]
79 [ 6 19]
80 [19  6  4]
81 [ 6 19  9]
82 [6 9]
83 [6 6]
84 [6]
85 [6]
86 [6]
87 [6]
88 [19  6]
89 [19  6]
90 [19  6]
91 [19  6]
92 [19  6]
93 [19  6 19]
94 [19  6 19 26]
95 [19  6]
96 [ 6 19]
97 [19  6]
98 [19  6]
99 [19  6  4 22]
100 [19  6  4]
101 [19  6  4]
102 [19  6  4]
103 [19  6  4]
104 [4 6]
105 [ 6 22 21]
106 []
107 []
108 [19  6]
109 [19  6 22]
110 [19  6]
111 [19  6 21]
112 [19  6 22]
113 [ 6 19]
114 [19  6]
115 [19  6]
116 [19  6]
117 [ 6 19]
118 [6 6]
119 [ 6 19  6]
120 [ 6 19  6]
121 [6]
122 [19]
123 [ 6 19]
124 []
125 [19 10]
126 [10]
127 [10]
128 [26]
129 []
130 [ 6 12]
131 [ 6 19]
132 [ 6 19]
133 [19  6]
134 [19  6]
135 [19  6]
136 [19]
137 [19]
138 [19]
139 [19]
140 [19]
141 [19 10  6]
142 [19  6]
143 [19 10  6]
144 [19 22 10]
145 [19 10  6]
146 [19 10]
147 [19 10]
148 [19 22 10]
149 [19 10  6]
150 [19 10  6 14]
151 [19 22 10]
152 [19 22 10]
153 [19 22  6 10]
154 [10]
155 [10]
156 [10  6]
157 [10  6]
158 [19 10  6]
159 [19 10]
160 [19 10]
161 [19 10]
162 [19  6 22 10]
163 [19  6 10]
164 [19 10]
165 [19  6 10]
166 [ 6 19]
167 [19]
168 [ 6 19]
169 [19  6]
170 [ 6 19]
171 [6]
172 [ 6 19 22]
173 [ 6 22]
174 [ 6 19]
175 []
176 []
177 [6 6]
178 [19 22  6]
179 [19]
180 [19 22]
181 [19 22]
182 [19 22]
183 [19 22]
184 [19]
185 [19 19]
186 [19]
187 [19]
188 [19 14 19]
189 [19 22 10 19]
190 [19 14]
191 [19 19 14]
192 [19 22 10 19 14]
193 [19 22 10 19 14]
194 [19 22 10]
195 [19 22 10 14]
196 [19 22 10 14]
197 [22 10 14]
198 [22 10 14]
199 [22 19]
200 [22]
201 [19 22 19 14]
202 [19 19 22 10 14]
203 [19 22 19 14]
204 [19 19 19 22 14]
205 [19 22 19]
206 [19 22 19]
207 [19 22 14 10]
208 [19 14]
209 [19 14 10 19]
210 [19 10 19 14]
211 [19 14 19]
212 [19  6 14 19]
213 [19  6 19]
214 [19  6 19]
215 [19  6]
216 [19  6 19]
217 [19]
218 [19 19 22]
219 [19 22]
220 [6]
221 [6]
222 [6]
223 [10]
224 [ 6 19]
225 [6]
226 [6]
227 [19]
228 [19 22  6]
229 [19 22]
230 [19 22]
231 [19 22 19]
232 [19 22 19]
233 [19 22]
234 [19 22 19]
235 [19 22]
236 [19 22 14 19]
237 [19 10 14]
238 [19 10]
239 [19  6 22 10]
240 [19  6 10 14]
241 [19 22 10 19 14]
242 [19 22  6 19]
243 [19  6 22 14 19]
244 [19  6 19]
245 [19]
246 [19  6]
247 [19  6 22 19]
248 [6]
249 [6]
250 [ 6 19]
251 [19]
252 [22]
253 [22]
254 [19 22]
255 [19]
256 [4]
257 [ 4 22]
258 [19 22]
259 [4]
260 [4]
261 [ 7 19]
262 [19]
263 [19]
264 [19]
265 [19]
266 [19 14]
267 [19 14]
268 [19 25 14]
269 [19 10]
270 [19]
271 [19 14]
272 [19]
273 [19]
274 [19 19]
275 [ 4 19]
276 [4]
277 [4]
278 [4]
279 []
280 [19]
281 []
282 [27]
283 []
284 []
