0 []
1 [19 38 38  6 38 38]
2 [19 38 38  6 38]
3 [19 38 38  6 38]
4 [38 19 38  6]
5 [38 19  6 38]
6 [38 19  6 38 38]
7 [19 38 38  6]
8 [19 38  6 38 38]
9 [19  6 38 38]
10 [19  6 38  9 38 38]
11 [ 6 19 38 38 38  6 21]
12 [ 6 19 38 38]
13 [ 6 19]
14 [ 6 19  4]
15 [ 6 38 10  9]
16 [38 19  6]
17 [19  6  6]
18 [ 6 19]
19 [ 6 19 21]
20 [19  6 21]
21 [19  6]
22 [21  6 19]
23 [19  6]
24 [ 6 19]
25 [19  6]
26 [ 6 19]
27 [ 6 19]
28 [ 6 19]
29 [19  6]
30 [19  7]
31 [19  6]
32 [19]
33 [19  6]
34 [19]
35 [7]
36 [9]
37 [19]
38 [6]
39 [6]
40 [6]
41 [19  7  6]
42 [19]
43 [19  6]
44 [19  6]
45 [19]
46 [19  1  9]
47 [19  6  4  9]
48 [19  7]
49 [19  6]
50 [19  6]
51 [19  6]
52 [19  6 19]
53 [ 6 19]
54 [ 6 19]
55 [ 6 19 19  6]
56 [ 6 19]
57 [6 6]
58 [6]
59 [6 6]
60 [ 6  6 19]
61 [19  6  6]
62 [19  6 21  6]
63 [19  6  6 21]
64 [ 6 19  6 21]
65 [19  6  6 21]
66 [ 6 19  6 21]
67 [19  6 21]
68 [ 6 19]
69 [ 6 19  6 21]
70 [ 6 19]
71 [19  6]
72 [19  6]
73 [ 6 19]
74 [19  6]
75 [19  6 11]
76 [19]
77 [19  6  7]
78 [19  6]
79 [19  6  6]
80 [19  6  4]
81 [6]
82 [6]
83 [ 6 19  7]
84 [6 7]
85 [7 6]
86 [6 7]
87 [6]
88 [6]
89 [38 11]
90 [19]
91 [19]
92 [19  7  6]
93 [19  6]
94 [19  1]
95 [21 12]
96 [10]
97 []
98 []
99 []
100 [ 6 12]
101 [6]
102 [6 4]
103 [6 9 4]
104 [19]
105 [ 6 11]
106 [19 21  6 11]
107 [19  6 15 22]
108 [19 11 19 22]
109 [19 19 11]
110 [11 19  6]
111 [19  6]
112 [6]
113 [ 6 19]
114 [ 6 19 19]
115 [19  6  6 11]
116 [19 11]
117 [11  6 19]
118 [ 6 11 21]
119 [19 11]
120 [19 11]
121 [ 6 19 21 21 11]
122 [ 6 19 21 21 21 21]
123 [19  6 21 21  9]
124 [19  6 21  9 21]
125 [19 21 21  6 21 38]
126 [19 21 21  6]
127 [ 6 19  4]
128 [ 6 19  6]
129 [19  6  6  4]
130 [ 6 19 31]
131 [ 6  6 19 21]
132 [6 6]
133 [6 6]
134 [ 6 19]
135 [ 6 19]
136 [6]
137 [6]
138 [ 6 19  6]
139 [19  6]
140 [19]
141 [19]
142 []
143 []
144 [19]
145 [19]
146 [ 1 19]
147 [19]
148 [ 1 19]
149 [1]
150 [ 1 19]
