0 []
1 []
2 []
3 []
4 []
5 []
6 []
7 [6 6]
8 [6]
9 [6 6]
10 [19]
11 [19]
12 []
13 [19]
14 [19]
15 [6 6]
16 [ 6 11]
17 [6]
18 [6]
19 [6]
20 [6]
21 [6]
22 [6]
23 [6]
24 [6]
25 [6]
26 [6]
27 [6]
28 [6]
29 [6]
30 [6]
31 [6]
32 [6]
33 [6]
34 [6]
35 [6]
36 [6]
37 [6]
38 [17]
39 []
40 []
41 [17]
42 [17]
43 [17]
44 [6]
45 [6]
46 [6]
47 [6]
48 [6]
49 [6]
50 [6]
51 [6]
52 [6]
53 [6]
54 [6]
55 [6]
56 [6]
57 [6]
58 []
59 []
60 []
61 []
62 []
63 []
64 [19  6]
65 [ 6 19]
66 [19  6]
67 [19  6]
68 [19  6]
69 [ 6 19]
70 [19  6]
71 [19  6]
72 [19  6]
73 [ 6 19]
74 [19  6]
75 [19  6]
76 [19  6]
77 [6]
78 [2]
79 [2]
80 [2]
81 [2]
82 [19  6]
83 [19  6]
84 [19  6]
85 [19  6]
86 [19  6]
87 [19  6]
88 [19  6]
89 [19  6]
90 [19  6]
91 [19  6]
92 [19  6]
93 [19  6]
94 [19  6]
95 [19  6]
96 []
97 []
98 []
99 []
100 []
101 []
102 []
103 []
104 []
105 []
106 [2]
107 []
108 []
109 [2]
110 []
111 [6]
112 []
113 [ 6 19]
114 [19  6]
115 [19  6]
116 [19]
117 [19]
118 [19]
119 [19]
120 [19]
121 [19]
122 [19 38  6]
123 [19 38]
124 [19]
125 [19 21  6]
126 [6]
127 [6]
128 [6]
129 [6]
130 [14]
131 []
132 [14]
133 [6]
134 [ 6 11]
135 [ 6 11]
136 [6]
137 [6]
138 [6]
139 [6]
140 [6]
141 [6]
142 [6]
143 []
144 []
145 []
146 []
147 []
148 []
149 [14]
150 []
151 []
152 []
153 []
