0 [6 7]
1 [6]
2 [7]
3 [6]
4 [7]
5 []
6 [6]
7 []
8 []
9 []
10 [17]
11 []
12 [6]
13 [4]
14 [4]
15 [1 7]
16 [6]
17 []
18 []
19 [6]
20 [6]
21 [6]
22 []
23 []
24 []
25 [14]
26 [14]
27 [14]
28 [14]
29 [6]
30 [ 6 14]
31 [ 6  7 14]
32 [6]
33 [10]
34 []
35 []
36 []
37 [6]
38 []
39 [6]
40 []
41 []
42 []
43 []
44 []
45 [38]
46 []
47 [6]
48 []
49 []
50 []
51 []
52 [10]
53 [38 10]
54 []
55 [38  6 10]
56 [ 6 38 10]
57 [ 7  6 38 10]
58 []
59 [23  5]
60 [ 6 14 21]
61 [38 14]
62 [38]
63 [6]
64 []
65 []
66 []
67 [38]
68 []
69 []
70 []
71 []
72 []
73 []
74 []
75 []
76 []
77 []
78 []
79 [14]
80 [14]
81 []
82 []
83 []
84 []
85 [1]
86 [19  1]
87 [1]
88 [1]
89 []
90 [15 16]
91 []
92 [27]
93 []
94 []
95 []
