0 [ 6 19]
1 [ 6 19]
2 [19  6]
3 [19  6]
4 [ 6 19]
5 [ 6 19]
6 [19  6]
7 [19  6]
8 [19  6 16]
9 [19  6]
10 [ 6 19]
11 [19  6 16]
12 [ 6 19]
13 [ 6 19 16]
14 [19  6]
15 [19  6 16]
16 [19  6]
17 [19  6]
18 [ 6 19 31]
19 [19  6]
20 [19  6 16]
21 [19  6]
22 [19  6]
23 [19  6]
24 [19  6]
25 [19  6 16]
26 [ 6 19]
27 [ 6 19]
28 [ 6 19]
29 [ 6 19]
30 [ 6 19]
31 [ 6 19]
32 [6]
33 [6]
34 [6]
35 [ 6 19]
36 [19  6]
37 [ 6 19]
38 [19  6]
39 [19  6]
40 [19  6]
41 [19  6]
42 [19  6]
43 [19  6]
44 [19  6]
45 [19  6]
46 [19  6]
47 [19  6 29]
48 [19  6]
49 [19  6]
50 [19  6]
51 [19  6]
52 [19  6]
53 [19  6]
54 [19  6]
55 [19  6]
56 [19  6]
57 [ 6 19  3]
58 [19  6]
59 [19  6]
60 [19  6]
61 [ 6 19 14]
62 [19  6]
63 [19]
64 [19  6]
65 [19  6]
66 [6]
67 [6]
68 [6]
69 [6]
70 [6]
71 [6]
72 [6]
73 [6]
74 [19  6]
75 [19  6]
76 [19  6]
77 [19  6]
78 [19  6]
79 [19  6]
80 [ 6 19]
81 [19  6]
82 [ 6 19]
83 [19  6]
84 [ 6 19]
85 [19  6]
86 [ 6 19]
87 [ 6 19]
88 [19  6]
89 [ 6 19]
90 [6]
91 [6]
92 [ 6 19]
93 [ 6 19]
94 [6]
95 [ 6 19]
96 [19  6]
97 [ 6 19]
98 [ 6 19]
99 [ 6 19]
100 [ 6 19]
101 [ 6 19]
102 [19  6]
103 [ 6 19]
104 [19  6]
105 [ 6 19]
106 [19  6 19]
107 [19  6]
108 [19  6]
109 [19  6]
110 [ 6 19  9]
111 [19  6]
112 [ 6 19]
