0 [19 21 21  6 14]
1 [21 21 19  6]
2 [19  6]
3 [19]
4 [21  6 19]
5 [21  6]
6 [21 19]
7 [21  9]
8 [19 21]
9 [ 6  6 19]
10 [19  6  6]
11 [19  6]
12 [19  6]
13 [6]
14 [19  6]
15 [21 19  6]
16 [19  6  6]
17 []
18 [19]
19 [21 19]
20 []
21 [19  6]
22 [19]
23 [19]
24 [19 21  9]
25 [19 21  9]
26 [19 21]
27 [9]
28 [19  6  6]
29 [19  6]
30 [19 21  6  6]
31 [19 21  9]
32 [19 21  6]
33 [21 19  9]
34 [21 19  9]
35 [19  6]
36 [19 21  6]
37 [19  6]
38 [21 19  6 19 14]
39 [21 19  6 21]
40 [21 19]
41 [6]
42 [19]
43 []
44 [21  6]
45 [19  6]
46 [19  6]
47 [19  6  6]
48 [19  6  6]
49 [19  6]
50 [19  6  6]
51 [6]
52 [19]
53 [19  6  6]
54 [19  6 21]
55 [6]
56 [19]
57 [19]
58 [19]
59 [19]
60 [19]
61 [19]
62 [19  6]
63 [19  6]
64 [19  6]
65 [ 6 19]
66 [19]
67 [ 6 19]
68 [19]
69 [19 14]
70 [14]
71 [19  6 14 21]
72 [21]
73 [19]
74 [19]
75 [19 21]
76 [19  9]
77 [19  6]
78 [19  6  9]
79 [19  6]
80 [19  6]
81 [19]
82 [19  4 21]
83 [19 21]
84 [19]
85 [19 22]
86 []
87 [19]
88 [19  6]
89 [ 6 19]
90 [19  6]
91 [19  6 22]
92 [19  6]
93 [19  6]
94 [ 6 19]
95 [ 6 19]
96 [ 6 19]
97 [19  6]
98 []
99 [19 21]
100 [19]
101 []
102 [19]
103 [19 21]
104 []
105 [19]
106 [19  6]
107 [19]
108 [19]
109 [19]
110 [19]
111 [19]
112 [6 9]
113 [19]
114 [19  6]
115 [19  6]
116 []
117 []
118 []
119 [19]
120 [19]
121 []
122 [19]
123 [19  9]
124 [19]
125 [19]
126 []
127 []
128 []
129 []
130 [21]
131 []
132 []
133 [9]
134 [9]
135 [9]
136 [9]
137 []
138 [9]
139 []
140 []
141 []
142 [19 21  9]
143 [19 21]
144 [19 21]
145 [19 21]
146 [19 21]
147 [19 21]
148 [21]
149 [19  6]
150 [21]
151 []
152 [19]
153 [19]
154 [19  6  9]
155 [19]
156 [19 21]
157 [19 21]
158 [21]
159 [19 21  9]
160 [19]
161 [21]
162 [19]
163 [19]
164 []
165 [19 21]
166 [19 21]
167 [19 21  9]
168 []
169 [21]
170 [21]
171 [21]
172 []
173 [21]
174 [21]
175 [19 21]
176 [19]
177 [19 21 19]
178 [19]
179 [19  6]
180 [19 21]
181 []
182 [19]
183 [19]
184 [19  6 14 21]
185 [19 21]
186 [19 21]
187 [19 21]
188 []
189 [19]
190 []
