0 [21 21]
1 [21 21 10]
2 [21 21 10]
3 [21 21]
4 [21 21]
5 [21 21 21 21 19]
6 [21 21 21 21 10]
7 [21 21 14]
8 [21 21 14]
9 [21 21 21 14]
10 [21 21 21 22 21 14]
11 [21 21 21 21 10]
12 [21 21 21 22 10 21]
13 [10]
14 []
15 []
16 [21 21 19]
17 [21 21 19 21 21]
18 [21 21 21 19]
19 [21 19 21]
20 [19 21  4]
21 [21 21 19]
22 [19  6]
23 [19 21]
24 [19 21]
25 [21 19 21  6]
26 [21 19 21  6  4]
27 [19 19 21  6  6 21]
28 [6 6]
29 []
30 [19 21]
31 [21 19 21  6]
32 [21 19]
33 [19 21 26]
34 [19 21]
35 [21 21 21 21 19]
36 [21 21 21]
37 [21 21 21 19 30]
38 [21 21 21 19]
39 [21 21]
40 [21 21]
41 [21 21 19 10]
42 [21 21]
43 [21 21 19]
44 [21 21]
45 [21 21 19]
46 [21 21]
47 [21 21 21 21 22 21 19]
48 [21 21 21 21]
49 [21 21 21 21]
50 [21 21 21 21]
51 [21 21 21 21]
52 [21 21 21 21 19 22]
53 []
54 [21 21]
55 [21]
56 []
57 []
58 [10]
59 [10]
60 [19]
61 [21 21 19]
62 [21 19 21]
63 [21]
64 [21 10]
65 [10]
66 [21 22 21]
67 []
68 [17]
69 []
70 []
71 []
72 []
73 []
74 []
75 []
76 []
77 []
78 [12]
79 []
80 []
81 []
82 [17]
83 [3]
84 [3 9]
85 []
86 [21 21 14]
87 [21 21 21 14]
88 [21 21 10]
89 [21 21 21 10]
90 [21 10]
91 [19  6 26]
92 [7]
93 [21 19 21]
94 [21 19]
95 [21 23]
96 [21 23 23 21 19]
97 [21]
98 [21 21]
99 [21 21 21 21 22]
100 [21 21 21 19 22 10]
101 [21 21 21 19 10 22]
102 [21 21 21 10 22 21]
103 [21 21 21 10 22]
104 [21 21 21 21 10 22]
105 [21 10 22]
106 [21 22 10]
107 [21 21 21 21 14]
108 [21 21 21]
109 [21 21 21 14]
110 [21]
111 [21 21]
112 [21 10]
113 [21 21]
114 [19 21 21 21 21]
115 [21 21 21 21 19]
116 [21 21 19 21 21]
117 []
118 [21 21]
119 []
120 [12 21]
121 [19 21  9]
122 [19 21  6  6  9]
123 [21  9]
124 [6]
125 [19]
126 [19 19  6]
127 [19 21]
128 [19  4 22]
129 [21 19 21 22]
130 [10]
131 [21]
132 [21 21 21 22 10]
