0 [19  6]
1 [19  9]
2 [ 6 19]
3 [19  6]
4 []
5 []
6 []
7 []
8 []
9 []
10 [2]
11 []
12 []
13 []
14 []
15 []
16 [2]
17 []
18 [2]
19 []
20 []
21 []
22 [6]
23 [6]
24 [6]
25 [4 6]
26 [7]
27 [8 7]
28 [6 6]
29 [19  6 29]
30 [19  6 29]
31 [19  6]
32 [19  6]
33 [19  6]
34 [19  6]
35 [19  6]
36 [19  6]
37 [19 19  6  9]
38 [19  6  9]
39 [6]
40 [19  6]
41 [19  6]
42 [ 6 19  9]
43 [6]
44 [6 9]
45 [6]
46 [6]
47 [ 6 19]
48 [ 6 19]
49 [19  6]
50 [6]
51 []
52 [6]
53 []
54 []
55 []
56 [10]
57 [6]
58 [19  6]
59 [ 6 19]
60 [ 6 19]
61 [19  6]
62 [19  6]
63 [19  9]
64 [19  9]
65 [19  6]
66 [ 6 10]
67 [10  6  9]
68 [6]
69 [19  6]
70 [9]
71 [ 6  9 10]
72 [10]
73 [19  6]
74 [19  6  6 10]
75 [10  6 19]
76 [19]
77 []
78 [16]
79 [9]
80 [6]
81 [6]
82 [6]
83 [6]
84 [6]
85 [6]
86 [19  7  6]
87 [6 7]
88 [19  6  9]
89 [ 6 19]
90 [19  6]
91 [19]
92 [19  6]
93 [19  9]
94 [19 21]
