0 [19  6]
1 [19  6]
2 [19  6]
3 [38  6  4]
4 [4]
5 [ 4 38]
6 [6]
7 [38 14]
8 [38  6 14]
9 [38  6 14 19]
10 [ 6 38]
11 [ 6 14 38]
12 [ 6 14]
13 [38]
14 [38  6 19]
15 [19 21 14]
16 [21 19 14  6]
17 [38 21 19 14 19]
18 [21 38 14]
19 [38 21 14]
20 [38 21 14]
21 [38 21]
22 [38 21  6 14]
23 [38 21 14 22 24]
24 [38 21 14]
25 [38 21 14]
26 [38 21 14]
27 [38 21 14]
28 [38 21 14]
29 [38 21 14 24]
30 [14 38 21]
31 [38 21  6]
32 [21 14  6 21]
33 [21 14 21  6]
34 [21 28 23 14  6]
35 [21 14  6]
36 [28 21 19 14  6]
37 [21 14  6]
38 [21  6 19]
39 [19 23 21  6]
40 [ 6 21 11]
41 [21 11]
42 [23  6 23 23]
43 [11 21]
44 [11 21]
45 [21 11]
46 [19 21 11]
47 [11 21]
48 [11 21]
49 [21 11]
50 [11 21]
51 [21 11]
52 [19 21 11]
53 [11 21]
54 [21 11]
55 [21 11]
56 [11 21]
