0 []
1 []
2 []
3 []
4 []
5 []
6 [ 9 12]
7 [12]
8 [34]
9 [12]
10 [14  9]
11 [12]
12 [14]
13 [14]
14 [14]
15 [19 14]
16 [12  9]
17 []
18 []
19 [19]
20 []
21 []
22 [19  6 12]
23 [19]
24 []
25 []
26 []
27 [19]
28 [19]
29 [19]
30 [19]
31 [19 12]
32 [19]
33 [19]
34 []
35 [12]
36 [12  9]
37 [12  9]
38 [12  9]
39 [ 9 12]
40 [12]
41 [12  9]
42 [9]
43 [9]
44 [9]
45 [9]
46 [12  9]
47 [ 6 19]
48 [ 6 19]
49 [ 6 19]
50 [6]
51 [ 6 19]
52 [ 6 19]
53 [6]
54 [ 6 19]
55 [19]
56 []
57 [19]
58 []
59 [19]
60 [19  6]
61 [19  6]
62 [6]
63 [ 6 19]
64 [19  6]
65 [6]
66 [6]
67 [6]
68 [6]
69 [ 6 19 19]
70 [19 19]
71 [19]
72 [19]
73 [19]
74 [19  6]
75 [19 19]
76 [19]
77 [6]
78 []
79 [6]
80 []
81 [ 6 19]
82 [ 6 19 19]
83 [6]
84 [19]
85 []
86 []
87 []
88 []
89 []
90 [19]
91 []
92 []
93 [19]
94 [19]
95 [19]
96 [12 19]
97 []
98 [19]
99 [19]
100 []
101 []
102 []
103 []
104 []
105 []
106 []
