0 [21]
1 [21]
2 []
3 []
4 []
5 []
6 [6]
7 []
8 []
9 []
10 [19]
11 [19]
12 [19]
13 [ 4 19]
14 []
15 [19]
16 [19  9]
17 []
18 []
19 [17]
20 []
21 [12]
22 [12]
23 [19]
24 [19]
25 [19]
26 [19  4]
27 [19]
28 [19]
29 [19]
30 [19  4]
31 [19]
32 [19  4]
33 [19]
34 [19]
35 []
36 [12]
37 [19 15]
38 [19]
39 [19]
40 [19]
41 [19]
42 [19]
43 [19]
44 [19]
45 [19  4]
46 [19]
47 [19]
48 [19  4]
49 [19]
50 [19]
51 [19]
52 [19]
53 [19]
54 [19]
55 [ 4 19]
56 [19]
57 [19]
58 [19]
59 [6]
60 []
61 []
62 []
63 []
64 []
65 []
66 []
67 []
68 [12]
69 []
70 []
71 []
72 [12]
73 [12]
74 []
75 []
76 [19]
77 [12]
78 []
79 []
80 []
81 []
82 []
83 [19]
84 [19 12]
85 [4 2]
86 [19]
87 [19]
88 []
89 [19]
90 [19]
91 [19]
92 [19]
93 [19]
94 [4 9]
95 []
96 [19  9]
97 []
98 [4]
99 []
100 [19]
101 [19]
102 [6]
103 []
104 [19]
105 [19]
106 [19  4]
107 []
108 [19]
109 [19]
110 [19]
111 [19]
112 [19]
113 [19]
114 [6]
115 [19]
116 [19]
117 []
118 [19 28]
119 [19]
120 [19]
121 [19]
122 [19  4]
123 []
124 []
125 []
126 []
127 []
128 []
129 []
130 [6]
131 [9]
132 [19  4]
133 [19]
134 []
135 []
136 [19]
137 [19]
138 []
139 []
140 []
141 []
142 []
143 []
144 [19]
145 [19]
146 []
147 [6 4]
148 []
149 [7]
150 []
151 []
152 []
153 [4]
154 []
155 []
156 []
157 []
158 [19]
159 []
160 [4]
161 [4]
162 [19]
163 []
164 [4]
165 [4]
166 [19]
167 []
168 [4]
169 [38  4  6]
170 []
171 []
172 [19  6]
173 []
174 []
175 []
176 [19]
177 [19]
178 []
179 []
180 []
181 []
182 []
183 [19]
184 [9]
185 []
186 [19]
187 [19]
188 [19]
189 [19]
190 [19]
191 [19]
192 [38 19  9  4]
193 [38 19  4]
194 [19 19  4]
195 [19 19]
196 [19 19]
197 [19  4]
198 [19  4]
199 []
200 [38]
201 [19 38]
202 [4]
