0 [19 19  6  6]
1 [19 19  6  6]
2 [ 9 11]
3 [9]
4 [9]
5 [16]
6 [7]
7 [7]
8 [7]
9 [11]
10 [11]
11 [11]
12 [11]
13 [9]
14 [ 9 11]
15 [ 6 11]
16 [6]
17 [6]
18 [ 6 11]
19 [6]
20 []
21 [9]
22 [ 7 11]
23 [11]
24 [7]
25 [11]
26 [11]
27 [11]
28 [11]
29 [11]
30 [11  6]
31 [ 6 11]
32 [11  6]
33 [11]
34 [ 6 11]
35 [11]
36 []
37 [11]
38 [11]
39 [11]
40 [11]
41 [11]
42 [11]
43 [11]
44 [11]
45 [11]
46 [17]
47 []
48 [6]
49 [11  9]
50 [11]
51 [ 9 11]
52 [7 9]
53 [ 7 11]
54 [ 7 11 17  9]
55 [11]
56 [7]
57 [11]
58 []
59 [8]
60 []
61 []
62 []
63 []
64 []
65 []
66 []
67 [8]
68 []
69 [11]
70 [11]
71 [11]
72 [11]
73 [7]
74 []
75 [6 7]
76 [6]
77 [7]
78 [7]
79 [7]
80 [7]
81 [7]
82 [7]
83 []
84 []
85 [17]
86 [ 6 11]
87 [ 6 11]
88 [6]
89 []
90 []
91 [1]
92 []
93 []
94 [11  6]
95 [6]
96 [6]
97 [ 6 11]
98 []
99 []
100 [11]
101 [11]
102 []
103 [11]
104 [11  4]
105 [12]
106 [12]
107 [11  9]
108 [ 9 12]
109 [ 9 12  9]
110 []
111 []
112 []
113 []
114 [6]
115 []
116 []
117 [21]
118 [11]
119 []
120 []
121 []
122 []
123 []
124 []
125 []
126 []
127 [2]
128 [2]
129 [6]
130 [6]
131 []
132 [6]
133 []
