0 []
1 []
2 []
3 []
4 []
5 [19]
6 [19]
7 [19]
8 [19]
9 [19]
10 [19]
11 [19]
12 []
13 []
14 []
15 [19]
16 [19]
17 [19]
18 [19]
19 [19]
20 [19]
21 [19]
22 [19]
23 [19]
24 [19]
25 [19]
26 [19]
27 [19]
28 [19]
29 [19]
30 [19]
31 [19]
32 [19]
33 [19]
34 [19]
35 [19]
36 [19]
37 [19]
38 [19]
39 [19]
40 [19]
41 [19]
42 [19]
43 [19]
44 []
45 []
46 []
47 []
48 [19]
49 [19]
50 [19]
51 [19]
52 [19]
53 [19]
54 [19]
55 [19]
56 [19]
57 [19]
58 [19]
59 [19]
60 [3]
61 [3]
62 [3]
63 [3]
64 [3]
65 [3]
66 [3]
67 [3]
68 [19]
69 [19]
70 [19]
71 [19]
72 [19]
73 [19]
74 [19]
75 [19]
76 [19]
77 [19]
78 [19]
79 [19]
80 [19]
81 [19]
82 [19]
83 [19]
84 [19]
85 [19]
86 [19]
87 [19]
88 [19]
89 [19]
90 [19]
91 [19]
92 [19]
93 []
94 []
95 []
96 []
97 []
98 [22]
99 []
100 []
101 []
102 []
103 [9]
104 [19]
105 [19]
106 []
107 [19]
108 [19]
109 []
110 []
111 [19]
112 []
113 [14]
114 [19 12]
115 [9]
116 [19 12]
117 [19 14 12]
118 [19  9]
119 [19 12]
120 [14]
121 [14]
122 [14]
123 []
124 []
125 [9]
126 [12]
127 [19]
128 [19]
129 [2]
130 [19]
131 [19]
132 [19]
133 [19]
134 [19]
135 [19]
136 [19]
137 []
138 [19]
139 [19]
140 [19]
141 [19]
142 [19]
143 [19]
144 [19]
145 [19]
146 [19]
147 [19]
148 [19]
149 [ 2 19]
150 [19]
151 [19]
152 []
153 []
154 []
155 []
156 []
157 []
158 []
159 []
160 [38]
161 []
162 []
163 []
164 []
165 []
166 [19]
167 [19]
168 [19]
169 [19  6]
170 [19  6]
171 []
172 []
173 []
174 []
175 []
176 []
177 []
178 [14]
179 [14]
180 [14]
181 []
182 []
183 []
184 []
185 []
186 []
187 []
188 []
189 []
190 []
191 []
192 []
193 []
194 []
195 []
196 []
197 []
198 []
199 []
200 []
201 []
202 []
203 []
204 []
205 []
206 []
207 []
208 []
209 []
210 []
211 []
212 []
213 []
214 []
215 []
216 []
