0 [19  6 21]
1 [19  6]
2 [19]
3 [19 10]
4 [19]
5 [19]
6 [19  9]
7 [19  9]
8 [19 10 21]
9 [19  9 10]
10 [19 21]
11 [19]
12 [19  9 19]
13 [19  9]
14 [19]
15 [19]
16 [19 10]
17 [19 10]
18 [19 21 37]
19 [19 10  9 21]
20 [19 21]
21 [19]
22 [19]
23 [19  6]
24 [19 10]
25 [19]
26 [19]
27 [19  9 37]
28 [19]
29 [19]
30 [19  6  9]
31 [19 10]
32 [19 10]
33 [19]
34 [19]
35 [19]
36 [19]
37 [19  9]
38 [19]
39 [19]
40 [19]
41 [19]
42 [19  6 10]
43 [19 10]
44 [19 21 10]
45 [19 21 10]
46 [19 10]
47 [19]
48 [19]
49 []
50 []
51 [19]
52 [19]
53 [19]
54 [19]
55 [19]
56 [19 10]
57 [19]
58 [19 12]
59 []
60 []
61 [19 12]
62 [19]
63 [19]
64 [19 21]
65 [19  6 10]
66 [19 38]
67 [19 21]
68 [19]
69 [19]
