0 [19  3]
1 [19 19]
2 [19 19]
3 [19 19]
4 [19]
5 [19]
6 [21 28  9]
7 [19]
8 [ 3 19]
9 []
10 []
11 []
12 [ 1 17]
13 [ 1 17]
14 [1]
15 [17]
16 [17]
17 []
18 []
19 [12]
20 []
21 [28 12]
22 []
23 []
24 [12]
25 [14]
26 [14]
27 []
28 []
29 []
30 []
31 []
32 []
33 []
34 []
35 [12]
36 []
37 [19  1 10]
38 [12]
39 []
40 [12]
41 [19 19 19]
42 [19 19 10]
43 [19 21  9 19]
44 [19]
45 [19 21]
46 [19 19 21]
47 [19 21 19 19]
48 [19 21 19]
49 [19 21]
50 [12]
51 [21]
52 [19 19 19]
53 [14]
54 [19 14]
55 [19 21]
56 [19 21 21  9]
57 [19 21 21]
58 [19 21 21 19 21 22]
59 [14]
60 [16]
61 [19]
62 [19 19 28]
63 [19]
64 [19 12  3]
65 []
66 [14]
67 [19 14]
68 [19 19 14]
69 [19 14 19 22]
70 [19 19 21 19 14]
71 [19 19 21 21 19 14]
72 [19 19 21 12]
73 [19 14]
74 [14]
75 [14]
76 [14]
77 [14]
78 [14 19]
79 [19 21]
80 [19 21 21 14]
81 [21 19 19 14]
82 [19 21 14]
83 [21 14 19]
84 [14 19]
85 [19 21 14]
86 [19 21]
87 [19 21 14]
88 [19 14 21]
89 [19 21 14]
90 [19 21 14]
91 [19 14]
92 [19 14]
93 [19 21 14]
94 [21 19 14  4]
95 [19 21  4 14]
96 [19 21 21  4]
97 [19 21]
98 [19 21 37 19]
99 [19 19 19]
100 [19 21]
101 [19 14]
102 [19 19 21 14 19]
103 [19 14 21]
104 [19 14 17 21]
105 [19 21 19 14  4 37]
106 [21 19 19]
107 [21 19 19 19  9]
108 [21  9]
109 [14]
110 [9]
111 [8]
112 []
113 [19]
114 [19]
115 [19]
116 []
117 [19]
118 [14]
119 [14]
120 [19 14]
121 [19]
122 [19 14]
123 [19]
124 [19 21 28 19]
125 [19 28]
126 [19]
127 [19 28]
128 [28]
129 [28 21 10]
130 [28]
131 [28 19]
132 [28]
133 []
134 [19 28]
135 [28 19]
136 [28]
137 [19 28]
138 [19 21 28]
139 [21 19]
140 [19 14]
141 [19]
142 [19]
143 [19]
144 [19]
145 []
146 []
147 [19 14]
148 [19 14]
149 []
150 []
151 []
152 [14]
153 [14]
154 [19]
155 [19]
156 [19]
157 [19]
158 []
159 [19]
160 []
161 [19]
162 [19]
163 [19 14]
164 [19]
165 [19]
166 [14]
167 [14 19 21 22]
