0 []
1 []
2 []
3 []
4 []
5 []
6 []
7 []
8 []
9 []
10 []
11 []
12 []
13 []
14 []
15 []
16 []
17 []
18 []
19 []
20 []
21 []
22 []
23 [6]
24 []
25 []
26 []
27 [11]
28 []
29 []
30 []
31 []
32 []
33 []
34 []
35 []
36 [22]
37 []
38 [22]
39 []
40 []
41 []
42 []
43 []
44 [21]
45 [21]
46 []
47 []
48 [14]
49 []
50 []
51 []
52 [21]
53 [21]
54 [21]
55 []
56 []
57 []
58 []
59 []
60 [19]
61 []
62 []
63 []
64 []
65 [ 3 14]
66 [3]
67 [3]
68 [3]
69 [3]
70 [14]
71 [3]
72 [3]
73 [14]
74 []
75 []
76 [14]
77 []
78 []
79 []
80 []
81 []
82 []
83 [19]
84 []
85 []
86 []
87 [14]
88 [14]
89 [14]
90 []
91 [14]
92 []
93 []
