0 []
1 []
2 []
3 [27]
4 [19]
5 [19]
6 [31]
7 []
8 []
9 []
10 [19]
11 [19]
12 [19]
13 [19]
14 [19]
15 []
16 []
17 [19]
18 []
19 []
20 []
21 []
22 []
23 [19]
24 [19]
25 []
26 [19]
27 []
28 []
29 [19]
30 [19]
31 []
32 [19]
33 [19]
34 [19]
35 [19]
36 [19]
37 []
38 [19]
39 [19]
40 [19]
41 [19]
42 [19 14]
43 [19 19]
44 [19 19 19]
45 [19 19 19 19 12]
46 [19 19]
47 [19]
48 [19 12]
49 [19 19]
50 [19 19]
51 [19 19]
52 []
53 [19 19 19]
54 [19 19 19]
55 [19 19]
56 [19 19]
57 [19 19 12]
58 [19 19 12]
59 [19 19 19 12]
60 []
61 [19 19]
62 [19 19 19]
63 [19 19]
64 []
65 [19]
66 [19 19 19 12]
67 [19]
68 [ 4 19 19]
69 [19 19 19]
70 [4]
71 []
72 [19 19  4  9]
73 [19 19 19]
74 [19 19  4]
75 [ 4 19]
76 [19 19]
77 [19  9]
78 [19]
