0 [6]
1 [7 6]
2 [7 2]
3 []
4 [6]
5 [6]
6 [6]
7 [1 6 7]
8 [6]
9 [7 6]
10 [6]
11 [6]
12 [6]
13 []
14 []
15 [13]
16 [13]
17 [6]
18 [6]
19 [ 6 19]
20 [19  6]
21 []
22 []
23 [6]
24 [6]
25 []
26 [6]
27 [6]
28 [6]
29 [6]
30 [ 6 19]
31 []
32 []
33 [6]
34 [6]
35 [6]
36 [ 6 19]
37 [ 6 38]
38 []
39 [6]
40 [6]
41 []
42 []
43 [6]
44 [ 6 19]
45 [6]
46 [6]
47 [6]
48 [ 6 19]
49 [6 1]
50 [6]
51 [6]
52 [6]
53 [ 6 19]
54 [6]
55 [6]
56 [12]
57 [38 14]
58 [19  6]
59 [19 38 14  6]
60 [19 38 14]
61 [19 14]
62 []
63 [4 7]
64 [7]
65 [38]
66 [38]
67 [38 14]
68 [ 6 19 38 14]
69 [19 14]
70 [19 14]
71 [19 38 14]
72 []
73 [38 14  6]
74 [19 38 14]
75 [38  6 14]
76 [6]
77 [6]
78 [38 14]
79 [6]
80 [19 38  6  4]
81 [19 38 14]
82 [19 38 14]
83 [19 38 14]
84 [19 38 14]
85 [38 14]
86 [38 14 19]
87 [19 38 14]
88 [19 38]
89 [38 14]
90 [38 14]
91 [38 14]
92 [38 14]
93 [19 38  6 14]
94 [19 38 14]
95 [38 14]
96 [38 14]
97 [38 14]
98 [19 38  6]
99 [19 38 14]
100 [38 14]
101 [38 14]
102 [38 14]
103 [38 14 19]
104 [38 14 19]
105 [38 14 19]
106 [38 14 19]
107 [38 14]
108 [38 14]
109 [38 14]
110 [38 14]
111 [38 14]
112 [38 14]
113 [19 38  6  6 26]
114 [19  6]
115 [19  6]
116 [19 38 14]
117 [19 38 14]
118 [19 38 14]
119 [19 38 14]
120 [19 38 14]
121 [19 38 14]
122 [38 14 38]
123 [38 14]
124 [19 38 14]
125 [19 38 14]
126 [19  6]
127 [19 38 14]
128 [19  6 14]
129 [19 38 14 19]
130 [19 38 20 14]
131 [19 38 14]
132 [38 14 19]
133 [19 38 14]
134 [38]
135 [6]
136 []
137 []
138 []
139 [6]
140 [6]
141 [19 14]
142 [19 14  6]
143 [19 14]
144 [14]
145 [14]
146 [14]
147 [14]
148 [14]
149 [19 14]
150 [19 14]
151 [19 14]
152 [14]
153 [19 14]
154 [19 14]
155 [19 14]
156 [19 14]
157 [ 6 14]
158 [19 14]
159 [14]
160 [ 6 14]
161 [19  6 14]
162 [ 6 18]
163 [14]
164 [19]
165 []
166 []
167 []
168 []
169 [10]
170 [19 19 10]
171 [ 4 19]
172 [19]
173 [4]
174 [ 6 19]
175 [6]
176 [6]
177 [6]
178 []
179 [6]
180 [6]
181 [6]
182 [6]
183 [6]
184 [6]
185 [ 6 19]
186 [6]
187 [19  6]
188 [6]
189 [19  6]
190 [ 6 19]
191 [19]
192 []
193 [19]
194 [19]
195 [19]
196 [6 9]
197 [19 20]
198 [10]
199 [19]
200 [19]
201 [19]
202 [19]
203 [6]
204 [19  4]
205 [19]
206 [19]
207 []
208 [19]
209 [19]
210 [19]
211 []
212 [19]
213 [19]
214 []
215 []
216 []
217 [19]
218 [19]
219 [19]
220 []
221 []
222 []
223 [19 26]
224 [19  6 26]
225 []
226 [6]
227 []
228 []
229 []
230 []
231 [6]
