0 []
1 []
2 []
3 []
4 []
5 [9]
6 [10]
7 []
8 []
9 [19]
10 []
11 [19]
12 [19]
13 []
14 [19]
15 []
16 []
17 []
18 [19]
19 []
20 [19]
21 []
22 []
23 []
24 [19]
25 []
26 []
27 [19]
28 []
29 []
30 []
31 []
32 [19  9]
33 []
34 []
35 []
36 [19  9 17]
37 [19]
38 []
39 [19  1]
40 [19]
41 [19]
42 []
43 [19]
44 [19  4]
45 []
46 []
47 [19]
48 [28 19]
49 [19]
50 [19]
51 [19]
52 [19]
53 []
54 [19]
55 [19  1]
56 [19]
57 [19]
58 [10]
59 [ 1 17]
60 [19]
61 []
62 []
63 []
64 []
65 [19 34]
66 [19  9]
67 [12]
68 []
69 []
70 []
71 [19]
72 [19]
73 []
74 []
75 []
76 []
77 []
78 []
79 [19]
80 []
81 [19  6  4]
82 [6]
83 [7]
84 [19]
85 []
86 []
87 []
88 [19]
89 []
90 []
91 []
92 [19 10]
93 [19  9]
94 []
95 []
96 [19]
97 []
98 [17]
99 [6]
100 [6]
