0 [19 19 19 19 19 19 19 19 19 20 19 19 19 19 19 19]
1 [19 19 19 19 19 19 20 19 19 19 19 19 19 19 19]
2 [19 19 19 19 19 19 19]
3 [19 19 19 19 19 20 19 19 19 14]
4 [19 20 19 19 19 19 19 19 19 19 19 19 19 38 19 19 19 19]
5 [19 19 19 19 19 19 19 19 19 19 19 20 19]
6 [19 19 19 19 19 19 19 20 19 19 19 19 19 19 19 20]
7 [19 19 19 19 19 19 19 19 19 19 19 19 14 19]
8 [19 19 19 19 19 19 19 19 19 19 19 19 19 19 19]
9 [19 19 19 19 19 19 19 19 19 19 19 19 19 19 19]
10 [19 19 19 19 19 19 19 19 19 19 19 19 19 19 19 19]
11 [19 19 19 19 19 19 19 19 19 19 19]
12 [19 19 19 19 19 19 19 19 19 19 19 19 19 19 19]
13 [19 19 19 19 19 19 19 19 19 19 19 19]
14 [19 19 19 19 19 19 19 19 19 19 20 19 19]
15 [19 19 19 19 19 19 19 19 19 19 19 19 19]
16 [19 19 19 19 19 19 19 19 19 19 19 19 19 19 19]
17 [19 19 19 19 19 19 19 19 19 19 37 19 19 26]
18 [19 19 19 19 19 19 19 19 19 19 19 19 19]
19 [19 19 19 19 19 19 19 19 19 19 19 19 19 19]
20 [19 19 19 19 19 19 19 19 19 19 19]
21 [19 19 19 19 19 19 19 19 19 19 19 19 19 19 19]
22 [19 19 19 19 19 19 19 19 19 19 19]
23 [19 19 19 19 19 19 19 19 19 19 19 19 19]
24 [19 19 19 19 19 19 19 19 19 19 19 19]
25 [19 19 19 19 19 19 19 19 19]
26 [19 19 19 19 19 19 19 19 19 19 19]
27 [19 19 19 19 19 19 19 19 19 19 19 19]
28 [19 19 19 19 19 19 19 19 19 19 19 19 19]
29 [19 19 19 19 19 19 19 19 19 19 19 19 19]
30 [19 19 19 19 19 19 19 19 19 19 19 19 20 19 19]
31 [19 19 19 19 19 19 19 19 19 19 19 19 19 19 20 19 19 19 20]
32 [19 19 19 19 19 19 19 19 19 19 19 19 19 19 19 19 19]
33 [19 19 19 19 19 19 19 19 19 19 19 20 19]
34 [19 19 19 19 19 19 19 19 19 19 19 19]
35 [19 19 19 19 19 19 19 19 19 19 19 19 19 19 19 10]
36 [19 19 19 19 19 19 19 19 19 19  9 19 19 19 19 10]
37 [19 19 19 19 19 19 19 19 19 19 19 10 19 19 19]
38 [19 19 19 19 19 19 19 19 19 19 19 19 19 19  9]
39 [19 19 19 19 19 19 19 19 19 19 19 19 19]
40 [19 19 19 19 19 19 19 19 19 19 19 10 19]
41 [19 19 19 19  9 19 19 19 19 19 20 19 19]
42 [19 19 19 19 19 19 19 19  9 19 19 19 19 10 19 20 19 19  1]
43 [19 19 19 19 19 19 19 19 19 10 19 19 19 19 19 20 19]
44 [19 19 19 19 19 19 19 19 19  9 19 19  4]
45 [19 19 19 19 19 19 19 19 19 10]
46 [19 19 19 19 19 19 19 19 19]
47 [19 19 19 19 19 19  9 19 10 19 19 19  9 20 19]
48 [19 19 19 19 19 19 19 19  9 19 19]
49 [19 19 19 19 19 19 19 19 19 19 19  9]
50 [19 19 19 19 19 19 19 19]
51 [19 19 19 19 19  9 19 19 19 19 19  9]
52 [19 19 19 19 19 19 19 19]
53 [19 19 19 19 19 19 19 19 19 19 19 19]
54 [19 19 19 19 19 19 19 19 19 19 19 19 14]
55 [19 19 19 19 19 19 19 19 19 19  4 14 19]
56 [19 19 19 19 19 19 19 19 19 14 19]
57 [19 19 19 19 19 19 19 19 19 19 19 19 19 19 14  4 19 19]
58 [19 19 19 19 19 19 19 19 19 19 19 14]
59 [19 19 19 19 19 19 19 19 19 19 14  4 19 19]
60 [19  4 19 19 19 19 19 19 14 19]
61 [19 19 19 19 14 19 19 19 19 19 19  4]
62 [19 19 19 19 19 19 19 14 19]
63 [19 19 19 19 19 19 19 14 19 19 19]
64 [19 19 19 19 19 19 19  4 14 19  9]
65 [19 19 19 19 19 19  4 19 14 19]
66 [19 19 19 19 19 14 19 19  4]
67 [19 19 19 19 19 19 19 19 14 19 19]
68 [19 19 19 19 19 19 14  4]
69 [19 19 19  4 19 19 19 19 14 19 19]
70 [19 19 19 19  4 19 19 19 19 19 14]
71 [19 19 19 19 19 19 19  4 19 19 14]
72 [19 19 19 19 19 19 19 19  4 19 14]
73 [19 19 19 19 19 19 19  4 19 14 20]
74 [19 19 19 19 19 19 19 19 19  4 14]
75 [19 19 19 19 19 19 19 19 19 19 14]
76 [19 19 19 19 19 19  4 14 19]
77 [19 19 19  4 19 19 19 19 19 19]
78 [19 19 19 19 19 19 19 19  4]
79 [19 19  4 19 19 19 19 19 19 19 19]
80 [19 19 19 19 19 19 19 19]
81 [19 19 19 19 19 19 19 19  4 14]
82 [19 19 19 19 19  4 19 19 19 19]
83 [19 19  4 19 19 19 19 19 19]
84 [19 19 19 19 19 19 19  4 19 19]
85 [19 19 19 19 19 19 19 19  4 19]
86 [19 19 19 19 19 19 19 19 19 14 19]
