0 [19]
1 [19]
2 [19]
3 []
4 [19  4]
5 [19]
6 [19]
7 [19]
8 [19]
9 [19]
10 [19]
11 [19]
12 [19]
13 [19]
14 [19]
15 [19]
16 [19]
17 [4]
18 []
19 [19]
20 [ 4 19]
21 [19  4]
22 [19]
23 [19]
24 [4]
25 [19]
26 []
27 [4]
28 []
29 []
30 [4]
31 [4]
32 [19]
33 [9 4]
34 [19]
35 []
36 []
37 [19]
38 []
39 [9]
40 []
41 [9]
42 []
43 []
44 []
45 [9]
46 []
47 []
48 [14]
49 []
50 []
51 []
52 []
53 []
54 [14]
55 [14]
56 []
57 [14]
58 [14]
59 []
60 []
61 []
62 [14]
63 []
64 []
65 [9]
66 []
67 [9]
68 [14]
69 [14]
70 [14]
71 [14]
72 [14]
73 [14]
74 [14]
75 [14]
76 [14]
77 [14]
78 [14]
79 []
80 [14]
81 [14]
82 [14]
83 [14]
84 [14]
85 [14]
86 [14]
87 [14]
88 [14]
89 []
90 []
91 []
92 []
93 []
94 []
95 []
96 []
97 []
98 []
99 [14]
100 []
101 []
102 [14]
103 []
104 []
105 []
106 []
107 [9]
108 []
109 []
110 [9]
111 [9]
112 [9]
113 []
114 []
115 [9]
116 [9]
117 []
118 []
119 []
120 []
121 []
122 []
123 []
124 []
125 [9]
126 []
127 []
128 [4 8]
129 [8 4]
130 [8 4]
131 [4 8 6]
132 [8]
133 [8 4]
134 [8 4]
135 [8]
136 [8 4]
137 [8]
138 [4 8 6]
