0 [19]
1 [19]
2 [19 19]
3 [19 19]
4 [19 19]
5 [19  9]
6 [19]
7 []
8 [19]
9 [19]
10 []
11 [9]
12 []
13 [19]
14 [19]
15 []
16 [19]
17 []
18 []
19 []
20 []
21 []
22 []
23 []
24 [19]
25 []
26 []
27 []
28 []
29 []
30 []
31 []
32 []
33 []
34 []
35 []
36 []
37 []
38 [10]
39 []
40 []
41 []
42 [19]
43 []
44 [19]
45 [9]
46 []
47 [19]
48 [19]
49 []
50 []
51 []
52 []
53 []
54 []
55 []
56 []
57 []
58 []
59 []
60 []
61 []
62 [9]
63 []
64 []
65 []
66 [9]
67 []
68 []
69 [ 9 10]
70 []
71 []
72 []
73 []
74 []
75 [19]
76 []
77 []
78 []
79 []
80 [4 9]
81 []
82 []
83 []
84 []
85 []
86 []
87 []
88 [19 19]
89 [19 19]
90 [19]
91 [19]
92 [19]
93 [19]
94 []
95 []
96 []
97 []
98 []
99 []
100 []
101 []
102 []
103 []
104 []
105 []
106 []
107 [19]
108 []
109 []
110 []
111 [19]
112 [19]
113 []
114 []
115 []
116 [19]
117 [21]
118 [14 19]
119 []
120 [14]
121 [14]
122 [10 27]
123 []
124 []
125 [14]
126 [19 14]
127 []
128 [19]
129 []
130 [19]
131 [19 10]
132 [19]
133 []
134 [19 28]
135 [10]
136 [10]
137 [10]
138 []
139 []
140 [19]
141 [19]
142 [19]
143 []
144 [19]
145 []
146 [4]
147 []
148 []
149 [9]
150 []
151 []
152 []
153 []
154 []
155 []
156 [9]
157 []
158 [19]
159 []
160 []
161 []
162 [19  9]
163 []
164 []
165 []
166 []
167 []
168 []
169 []
170 []
171 []
172 []
173 []
174 []
175 []
176 []
177 []
178 []
179 [9]
180 []
181 []
182 []
183 []
184 [6]
185 [11]
186 []
187 [21 21 21 21]
188 [21 21 21 21  6]
189 [19 21 11]
190 []
191 [21 21]
192 [21 21]
193 [21]
194 []
195 [21]
196 [ 9 21]
197 [21]
198 [ 4 21 19]
199 [19 21]
200 [21]
201 []
202 []
203 []
204 [19]
205 [19]
