0 []
1 []
2 []
3 []
4 []
5 []
6 []
7 [14]
8 [14]
9 [14]
10 [14]
11 [14]
12 [14]
13 []
14 [14  6]
15 [14  6]
16 [14 21]
17 [14  6]
18 [14  6]
19 [14]
20 [14  6]
21 [14  6]
22 [14]
23 [14  6]
24 [14 11  6]
25 [14 22]
26 [ 6 14 19]
27 [ 6 14]
28 [14  6]
29 [ 6 14]
30 [ 6 14]
31 [ 6 14]
32 [ 6 14]
33 [6]
34 [ 6 14 11]
35 [6]
36 [ 6 12]
37 [6]
38 [6]
39 [6]
40 [6]
41 [28  6]
42 [28  6]
43 [6]
44 [6]
45 [6]
46 [6]
47 [6]
48 [ 6 11]
49 [6]
50 [11  6]
51 [6]
52 [11  6]
53 [6]
54 [ 6 11]
55 [6]
56 [6]
57 [6]
58 [ 6 11]
59 [6]
60 [ 6 11]
61 [6]
62 [ 6 11]
63 [6]
64 [ 6 11]
65 [ 6 11]
66 [6]
67 [6]
68 [ 6 11]
69 [6]
70 [6]
71 [28  6 11]
72 [6]
73 [6]
74 [11  6]
75 [11  6]
76 [6]
77 [6]
78 [6]
79 [6 7]
80 [6]
81 [6]
82 [ 6 27]
83 [6]
84 [28  7  6]
85 [ 6 28]
86 [ 6 27]
87 [6]
88 [6 7]
89 [12]
90 [12 14]
91 [14 12]
92 [14]
93 [14 12]
94 [14]
95 [6]
96 [ 6 28]
97 [11]
98 [11]
99 [11]
100 [11]
101 [11]
102 [11]
103 [11]
104 [11  6]
105 [11]
106 [11  6]
107 [11  6]
108 [11]
109 [6]
110 [6]
111 [6]
112 [6]
113 [6]
114 [ 6 11]
115 [6]
116 [6]
117 [6]
118 [6]
119 [11]
120 [11]
121 [6]
122 [ 6 11]
123 [6]
124 [ 6 11]
125 [ 6 11]
126 [6]
127 [6]
128 [6]
129 [6]
130 [6]
131 [6]
