0 []
1 [14]
2 [14]
3 [14 19 38]
4 [14 19 38]
5 [14]
6 [14]
7 [14 38]
8 [14 38]
9 [38 14]
10 [14 38 38]
11 [14 38 38]
12 [14 38]
13 [14 38]
14 [14 38]
15 [14 38]
16 [14]
17 [14 38]
18 [14 38]
19 [38 14 38]
20 [38 14 38]
21 [14 38 38]
22 [14 38]
23 [38 14 38]
24 [14 38 38]
25 [14 38 38]
26 [14 38]
27 [14 38]
28 [14 38 19]
29 [14]
30 [14]
31 [14]
32 [14 38]
33 [38 14 38]
34 [38 38 14]
35 [38 38 14]
36 [38 14 38]
37 [38 14 38]
38 [38 14]
39 [14 38 38]
40 [38 14 38]
41 [38 14 38]
42 [14]
43 [14]
44 [14]
45 [14]
46 [14]
47 [14 38 17  1]
48 [14 38]
49 [19 19 38  3 14]
50 [14 38]
51 [14 38]
52 [14 38]
53 [14]
54 [14]
55 [14]
56 [14]
57 [14 38]
58 [14 38]
59 [14]
60 [ 6 38 14 38]
61 [38 14]
62 [38 14]
63 [14 38  6]
64 [14  6]
65 [14  6]
66 [14 38]
67 [14]
68 [14]
69 [14]
70 [14 19]
71 [14 38 38]
72 [14 38 38]
73 [14]
74 []
75 []
76 [ 6 14]
77 [14]
78 [14]
79 [14 38 38]
80 [14]
81 [14]
82 [14]
83 [14]
84 [14 38]
85 [14 38]
86 [14]
87 [14]
