0 [19 37 21]
1 [19 37 21 37]
2 [19 37 21 37]
3 [19 21 37]
4 [19 37 21]
5 [19 37 21 37]
6 [19 37 21]
7 [19 21 37 21]
8 [19 21]
9 [19 21 37]
10 [19 37 21 22]
11 [37 21 19]
12 [19 21 21 37]
13 [19 37 21]
14 [19 37 21]
15 [19 37 21]
16 [37 21 19]
17 [19]
18 [9]
19 [19]
20 [19]
21 [19]
22 [19]
23 [19 13]
24 [19 17]
25 [19]
26 [19]
27 [13 17 17]
28 [ 9 21]
29 [21 19]
30 [21]
31 []
32 []
33 [19]
34 []
35 [19 34]
36 [19]
37 [19]
38 []
39 []
40 []
41 [19]
42 []
43 []
44 []
45 []
46 []
47 [19 12]
48 [19 12  4]
49 []
50 [19 12]
51 [19  4]
52 [4]
53 [19  6]
54 [19  6]
55 [19  6]
56 [19]
57 [19  6  7]
58 [19  6  9]
59 [19]
60 [ 6 19  9  6]
61 [19  9]
62 [19]
63 [19  9]
64 [19  9]
65 [19  6]
66 [19]
67 [19  6]
68 [19 34]
69 [19  6]
70 [19  6]
71 [19  6]
72 [19  9  6]
73 [19]
74 [19  9  6]
75 [19  6]
76 [19  6]
77 [19  6]
78 [ 6  6 19]
79 [19  6]
80 [19]
81 [19  6]
82 [19  6]
83 []
84 [19  6]
85 [19]
86 [19]
87 [19]
88 [19]
89 [10]
90 [19 10]
91 [12 10]
92 []
93 []
94 [ 6 13 19]
95 [19]
96 [19 12]
97 []
98 []
99 []
100 [18]
101 []
102 [2]
103 [19  2]
104 [19 12]
105 [ 4 19  2]
106 [ 2 19]
107 []
108 [19  4]
109 [19]
110 []
111 [14]
112 []
113 []
114 [19]
115 []
116 [ 4 19]
117 [19  4]
118 [19]
119 [19  2]
120 [19]
121 [19]
122 [19  9]
123 [12 19  9]
124 [ 9 12]
125 [19  4  9 12]
126 [19 12]
127 [19 12]
128 [19]
129 [19]
130 [ 6 19  6]
131 [19  4]
132 [6]
133 []
134 []
135 []
136 []
137 [12]
138 [12]
139 [14 12]
140 [27]
141 [12]
142 []
143 []
144 []
145 [14]
146 [14]
147 [14]
148 [14]
149 []
150 []
151 [19]
152 [12 19  4]
153 [ 9 12]
154 [19]
155 [6]
156 []
157 [19 12]
158 [12]
159 [12]
160 []
161 [19]
162 [19 21]
163 [21]
164 [21]
165 []
166 []
167 [12]
168 [12]
169 [19  6]
170 []
171 []
172 [19]
173 [19 12]
174 [19]
175 []
176 [21]
177 [19]
178 [21 19]
179 [21 19]
180 [21]
181 [21]
182 [21]
183 [21]
184 [12]
185 [19 17]
186 [19  9 17]
187 [19 17]
188 [19 17]
189 [19  4]
190 [19 12]
191 []
192 []
193 [19]
194 [19 12]
195 [19 17  9]
196 [19]
197 [19 17]
198 [ 4 19]
199 [19]
200 [19]
201 [19]
202 [19]
203 [19]
204 [19]
205 [19]
206 [19]
207 [10]
208 []
209 []
210 [19]
211 [19]
212 [19]
213 [19]
214 [19]
215 [19 21]
216 [19 21]
217 [19]
218 [27]
219 []
220 [19]
221 [1]
222 []
