0 [20 21 19  9]
1 [19 21]
2 [20 38 21 22]
3 [38 19]
4 [4]
5 [4 9]
6 []
7 [9]
8 [ 9 12 12]
9 [12  9]
10 [19 10]
11 [19 10 23]
12 [19 10 28]
13 [19 12]
14 [21 14 10]
15 [19]
16 []
17 [19 12]
18 [21 10]
19 []
20 []
21 []
22 []
23 [19  1]
24 []
25 []
26 []
27 []
28 []
29 []
30 []
31 []
32 []
33 []
34 [19]
35 [12]
36 [19]
37 [12]
38 [19 12]
39 []
40 [10]
41 [9]
42 [12]
43 []
44 []
45 [ 9 19]
46 []
47 [19]
48 []
49 []
50 []
51 []
52 []
53 []
54 []
55 []
56 [9]
57 [21]
58 []
59 []
60 []
61 [9]
62 []
63 []
64 [9]
65 [21]
66 [21]
67 []
68 []
69 []
70 []
71 []
72 [21]
73 [22]
74 [4]
75 [21]
76 [ 4 21]
77 [22  9]
78 [22]
79 [22]
80 [22]
81 []
82 []
83 []
84 []
85 []
86 []
87 []
88 [9]
89 [19]
90 []
91 [19]
92 []
93 [19]
94 [12]
95 [12]
96 []
97 [12]
98 []
99 [9]
100 []
101 [9]
102 [ 9 12]
103 [ 9 12]
104 []
105 []
106 [9]
