0 [19 19]
1 [19]
2 []
3 [9 8]
4 []
5 []
6 []
7 [19]
8 [12]
9 [12]
10 []
11 []
12 [9]
13 [6]
14 [ 6 19]
15 [19  6]
16 [19]
17 [19]
18 [19]
19 [6]
20 []
21 [19]
22 []
23 [6]
24 []
25 []
26 []
27 []
28 []
29 [9]
30 []
31 [14]
32 [19]
33 [ 9 19]
34 [19  9]
35 []
36 []
37 []
38 []
39 []
40 [38]
41 []
42 []
43 []
44 []
45 []
46 [19]
47 []
48 [4]
49 [19]
50 [19]
51 [21]
52 []
53 []
54 []
55 []
56 []
57 []
58 [10]
59 [19]
60 []
61 []
62 []
63 []
64 []
65 []
66 []
67 []
68 [19]
69 []
70 []
71 []
72 []
73 []
74 [7]
75 []
76 [6 9]
77 [7 9]
78 [6]
79 [6]
80 [16]
81 []
82 [19]
83 [9 6]
84 []
85 []
86 [9]
87 []
88 []
89 [14]
90 [6]
91 []
92 [19  6  6]
93 [ 6 19]
94 [ 6 19]
95 [6 6]
96 [19  6]
97 [ 6 19]
98 [6]
99 [ 6 19]
100 [19]
101 []
102 []
103 [6]
104 []
105 [7]
106 []
107 []
108 []
109 []
110 [9]
111 [9]
112 []
113 []
114 []
115 []
116 []
117 []
118 []
119 []
120 []
121 []
122 []
123 []
124 []
125 [6 9]
126 []
127 []
128 []
129 []
130 []
131 []
132 []
133 []
134 [6]
135 []
136 []
137 [38]
138 []
139 []
140 []
141 [8 7]
142 [19]
143 [19]
144 [19  4]
145 []
146 []
147 []
148 []
149 []
150 []
151 [29]
152 []
153 [17]
154 []
155 []
156 []
157 []
158 []
159 [10]
160 [4 8]
161 []
162 []
163 [38]
164 []
165 []
166 []
167 []
168 []
169 []
170 []
