0 [19]
1 []
2 [19]
3 [19]
4 [19]
5 [19  4 34]
6 [16]
7 []
8 []
9 []
10 [3]
11 []
12 [19]
13 [19]
14 [1]
15 [19]
16 [19]
17 []
18 []
19 [19]
20 [19]
21 [19 21 19]
22 [19  6 19]
23 [19 19 19]
24 [19]
25 [3]
26 [19 37]
27 []
28 [19  4]
29 [19 37]
30 [19]
31 [19]
32 [19  3]
33 [19 19  3]
34 [19  3]
35 [3]
36 [19  3]
37 [19]
38 [19]
39 [19]
40 [19  3]
41 []
42 [19  3]
43 [ 3  6 19 14 28]
44 [ 3 14 19]
45 [30 19 19  3 10]
46 [19 10 19]
47 [19  3 19]
48 [19  3 34 10]
49 [3]
50 [ 3 19]
51 [19  3]
52 [6 3]
53 [2]
54 [19 19  3  6 10]
55 [19  3]
56 [3]
57 [19 19  3]
58 [19 19  3]
59 [10  3]
60 [19 19 34  3]
61 [3]
62 [19  3 10]
63 [19 19  3]
64 [ 3 19  4 18  2  1]
65 [ 3 19]
66 [ 3 31]
67 [19  3 19]
68 [19  3]
69 [3 1]
70 [3]
71 [19  3]
72 [3]
73 [3]
74 [19  3]
75 [19  3 10]
76 [19 19  3  6]
77 [ 3 19]
78 [3]
79 [19 19 19  3]
80 [3 9]
81 [3]
82 [3]
83 [3]
84 [19  3]
85 [3]
86 [ 3 19]
87 [ 3 10 19]
88 [19  3]
89 [19  3]
90 [14  3 10]
91 [19]
92 []
