0 [19  6]
1 [19 21 19  6 12]
2 [19 21]
3 [19 19]
4 [19]
5 [19  6 12]
6 [19]
7 [19]
8 [19 21 12 14]
9 [19]
10 [19 12]
11 [19 19 12]
12 [19 19 12]
13 [19 19]
14 [19]
15 [19 20 19 12]
16 [19]
17 [19 12]
18 []
19 [21]
20 [21 12]
21 []
22 []
23 []
24 [12]
25 [12]
26 [12  3]
27 [12]
28 [19 21 21 12]
29 [12]
30 [19 12 19]
31 [19]
32 [19 19 12]
33 [19 12]
34 [19  6 12]
35 [19  6 12]
36 [19 19 12]
37 [19  6]
38 [19  6  3 12]
39 [19  6]
40 [19  6  4]
41 [19  6]
42 [ 6 19]
43 [ 6 19]
44 [21  6 19]
45 [21  6  6]
46 [21 19  6 17]
47 [21 21 19  6]
48 [21 19]
49 [21 19 19  6 22 21]
50 [21 19  6]
51 [19 21]
52 [19  9]
53 [19 21]
54 [19 19 21]
55 [21  6]
56 [21 19 21  6]
57 [21 19 19 19  6  9]
58 [21 19 19  9]
59 [21 19  9 19 19 19]
60 [21 19  9  9]
61 [21  6]
62 [21  9]
63 [21 19  6 14]
64 [21 14  6]
65 [21  6 14]
66 [21 19 19  6]
67 [21 19 11]
68 [21]
69 [19 21 19]
70 [6]
71 [6]
72 [ 6 19]
73 [ 6 21]
74 [21  6 19]
75 [21  6 10  9]
76 [21  9  6]
77 [21]
78 [21  6]
79 [ 6  4 21  9]
80 [ 6 21  6]
81 [21 19  6]
82 [6]
83 [19  6]
84 [19]
85 [19]
86 [19 19 21 12]
87 []
88 [19 34]
89 [19 19  4]
90 [12]
91 [19 12]
92 [19 12 14]
93 [19 19  6 14]
94 [19 19 12]
95 [21 19 12]
96 [19 12]
97 [19 12 14]
98 [19 14 12]
99 [14]
100 [12]
101 [19 14 12]
102 [19 14]
103 [19 21 12 14]
104 [14]
105 [19 14]
106 [19 12  3]
107 [12 14]
108 [19 12]
109 [21 12]
110 [12]
111 [12]
112 [12]
113 [12]
114 [12]
115 [12]
116 [10]
117 [19 12]
118 [19 12]
119 [19  4  6 12]
120 [ 6 12]
121 [21 12  6  4]
122 [ 6 12]
123 [12]
124 [ 6 19]
125 [6 4]
126 [ 6 21]
127 [ 6 19]
128 [9]
129 [21  9]
130 [21 19]
131 [19 19]
132 [21 19]
133 [21]
134 [21 19 21  6 10]
135 [21  6 19 10 12]
136 [21 19  6 10]
137 [10  6 19  9  6]
138 [ 6 10]
139 [4 6]
140 [21  9  7]
141 [6]
142 []
143 [28]
144 [19]
145 [19]
146 [19  4 12]
