0 [4]
1 [12]
2 []
3 [4]
4 []
5 [12]
6 [10]
7 [4]
8 []
9 [12]
10 []
11 [19 12]
12 [4]
13 [4]
14 []
15 [4]
16 []
17 [9]
18 []
19 []
20 []
21 [8]
22 []
23 [4]
24 []
25 []
26 []
27 []
28 []
29 []
30 []
31 []
32 []
33 [9]
34 [7]
35 [7 4]
36 [4]
37 []
38 []
39 [12 19]
40 [ 4 12]
41 []
42 [12]
43 []
44 [4]
45 [12]
46 [4]
47 []
48 []
49 []
50 []
51 []
52 [ 7 12]
53 []
54 [19  4]
55 [12  4]
56 [12]
57 []
58 []
59 [ 4 12]
60 [4]
61 [4]
62 [7]
63 []
64 [12]
65 []
66 []
67 []
68 []
69 [12]
70 []
71 [12]
72 [19]
73 []
74 []
75 []
76 []
77 []
78 []
79 []
80 [4]
81 []
82 [4]
83 [4]
84 [9]
85 [34]
86 [9 4]
87 [7 9 9]
88 []
89 [7 7]
90 [ 4  9 16]
91 [4 7 9]
92 [9]
93 [4 4]
94 [9]
95 [9]
96 [4 9]
97 [ 4 19]
98 [14 19  4]
99 [9]
100 [9]
101 [ 4  9 19]
102 [9 4]
103 [9 4]
104 [9]
105 [9 4]
106 []
107 []
108 []
109 []
110 [14]
111 [14]
112 [14]
113 [14]
114 [14]
115 [14]
116 [14]
117 [14]
118 [14]
119 []
120 []
121 []
122 []
123 []
124 []
125 []
126 []
127 []
128 [19 14]
129 []
130 []
131 []
132 [ 9 19]
133 [9]
134 [9]
135 []
136 [ 7 19]
137 [9]
138 [9]
139 []
140 [9]
141 [4]
142 [4]
143 [4 7]
144 [4]
145 [7 4]
146 [7 4]
147 [7]
148 [19  7]
149 [9 4]
150 [9 4]
151 []
152 []
153 []
