0 [19 19  6 21 21 21]
1 [19 19 21 21  6]
2 [19 19]
3 [19 19]
4 [ 6 19 21 19  6]
5 [ 6 19 21]
6 [19 21 19  6 21]
7 [ 6 19 21  6]
8 [19 19  6 21 21]
9 [ 6 19]
10 [6]
11 [6]
12 [6 6 9 7]
13 [6 6 7]
14 [ 6 19  6]
15 [ 6  6 19 19]
16 [ 6 19]
17 [ 6 19]
18 [19  6]
19 [19  6]
20 [ 6 19]
21 [ 6 19  6]
22 [19  6  6]
23 [19  6 19]
24 [19  6]
25 [ 6 19 19]
26 [19  6 19]
27 [19 19  6]
28 [19  6 19]
29 [19  6 19]
30 [19 19  6]
31 [19 21  6 19]
32 [19 21  6]
33 [ 6 21 19  6]
34 [ 6 19 21]
35 [19  6 21 21]
36 [19 19 21  6]
37 [19 19  6]
38 [19 19  6]
39 [19 19]
40 [19 19  6]
41 [19 19  6]
42 [19 19  6]
43 [19 19]
44 [19 19  6]
45 [19 19  6 21]
46 [21 19  6 19]
47 [ 6 19 21]
48 [19 19  6]
49 [ 6  6 19 19 19 21]
50 [ 6 21  6]
51 [ 6 19 21]
52 [ 6 19 19 19]
53 [19  6 19]
54 [19  6 19]
55 [19 19 21  6]
56 [19]
57 [19 19  6]
