0 []
1 [19 14]
2 [19 14]
3 [19]
4 [19 14]
5 [2]
6 [2]
7 [2 6]
8 [2]
9 [6 2 7]
10 [2]
11 [2]
12 [19 13]
13 [19 13]
14 [19 13  1  1 15]
15 [13 19]
16 [19 13]
17 [19 13  1 37]
18 [19 13]
19 []
20 [19  2]
21 [2]
22 []
23 []
24 []
25 []
26 []
27 []
28 [19 14]
29 [19  6 14]
30 [19  6]
31 [19  6]
32 [19 19]
33 [19 19  9]
34 [ 6 19]
35 [ 6 19]
36 [ 6 19]
37 [ 6 19]
38 [19  6]
39 [6]
40 [ 6 19]
41 [ 6 19]
42 [ 6 19]
43 [ 6 19]
44 [ 6 19]
45 [6]
46 [14]
47 [6]
48 []
49 []
50 []
51 []
52 [6]
53 [6]
54 [6]
55 []
56 [ 6 19]
57 [6]
58 [6]
59 [ 6 14]
60 [14 19  6]
61 [19 14]
62 [19 19 14]
63 [19 14 19]
64 [19 14]
65 [19 14]
66 [19  6 14]
67 []
68 []
69 [6]
70 []
71 [19  4]
72 [19]
73 [19 10]
74 [19]
75 [19 19]
76 [19 19]
77 [19]
78 [19 19]
79 [19 19]
80 [19 19]
81 [19]
82 [19]
83 [21  3]
84 [21  3]
85 [21  3]
86 [21  3]
87 [21 14]
88 [19]
89 [19]
90 [19]
91 [19]
92 [19]
93 [19]
94 [19]
95 []
