0 [14]
1 [14]
2 [14]
3 [14]
4 [19 14]
5 [19]
6 [19 14]
7 [19 14]
8 [14 19]
9 [14 19]
10 [ 4 14]
11 [14  4 19]
12 [14 19  4]
13 [14 19  4]
14 [14  4 19]
15 [ 4 14 19]
16 [14 19]
17 [14 19  4]
18 [14  4 19]
19 [14 19  4]
20 [14 19  4]
21 [14 19]
22 [14]
23 [14 19  4]
24 [14  4]
25 [14  4 19]
26 [14  4 19]
27 [14 19]
28 [14 19]
29 [14 19]
30 [14 19  4]
31 [14 19  4]
32 [14 19  4]
33 [19 14]
34 [19 14]
35 [14 19]
36 [14 19]
37 [14  4 19]
38 [19 14]
39 [14 19]
40 [ 4 14 19]
41 [14 19  4]
42 [14 19  9  4]
43 [19 14  9]
44 [19 14 32]
45 [19 14]
46 [19 14]
47 [14 19]
48 [14 19  4]
49 [ 9 19 14]
50 [14 19]
51 [14 19]
52 [14 19  4]
53 [14  4  9 19]
54 [19 14]
55 [19  9 14]
56 [19 14  9]
57 [19 14]
58 [19 14]
59 [19 14]
60 [19 14]
61 [19 14  4]
62 [19 14]
63 [19 14]
64 [19 14]
65 [ 9 14 19]
66 [19 14]
67 [19 14]
68 [19 14]
69 [9]
70 [19  4 14]
71 [19 14]
72 [ 4 14 19]
73 [19 14]
74 [4 9]
75 [19  9]
76 [19  9]
77 [19  9]
78 [19  9]
79 [19  9]
80 [19]
81 [19 14]
82 [19  9 14]
83 [19]
84 [19]
85 [19 14]
86 [19 10]
87 [19 10]
88 [19 10]
89 [19 10]
90 [19  4]
91 [19 14]
92 [19 14  4]
93 [19 14]
94 [19 10]
95 [19 14]
96 [19]
97 [19 10]
98 [19 10]
99 [19 10]
100 [19 14]
101 [19 14  9]
102 [19 14]
103 [ 9 14]
104 [19 10 14]
105 [19]
106 [19]
107 [19]
108 [9]
109 [19]
110 [19]
111 []
112 [19]
113 [19]
114 [ 9 19]
115 [19]
116 [9]
117 []
118 [19]
119 [19]
120 [19]
121 [19]
122 []
123 [19]
124 [19 10]
125 [ 4 19]
126 [19]
127 []
128 [19]
129 [ 9 19]
130 [ 9 10]
131 [19  4 14 10]
132 [19  9 10]
133 [19]
134 [19]
135 [19 14 10]
136 [14]
137 [14]
138 [14]
139 [14]
140 [14]
