0 [19 19 19 19]
1 [19 19  1 19]
2 [19 19 19  1 19]
3 [19 19 19]
4 [19]
5 [19 19]
6 [2]
7 []
8 []
9 []
10 []
11 []
12 [13]
13 [13]
14 [13]
15 [19]
16 [19]
17 [19]
18 [19]
19 [19]
20 [19]
21 [19]
22 [19]
23 [17]
24 [19]
25 []
26 [19 20]
27 [20]
28 [20]
29 [13]
30 [19]
31 [13]
32 [18]
33 [18]
34 [20]
35 []
36 []
37 []
38 [19]
39 [19 19]
40 [1]
41 [1]
42 []
43 [19  1]
44 [19 18]
45 [19 18  1]
46 [19 18]
47 [19 18  1]
48 []
49 []
50 []
51 []
52 [19]
53 [19]
54 [19]
55 []
56 []
57 []
58 []
59 [19 19 19  1]
60 [19 19 19 19]
61 [19 19 19 19]
62 [19 19]
63 [19 19]
64 [19 19]
