0 []
1 []
2 []
3 []
4 []
5 []
6 [13]
7 [13]
8 [13]
9 [19 13]
10 [13 19]
11 [19]
12 [19 13]
13 [19]
14 [19]
15 [19]
16 [19]
17 [19]
18 [19]
19 [13]
20 []
21 [1]
22 [1]
23 [17 15  1]
24 [13]
25 [15]
26 [15]
27 [19]
28 [19]
29 [13]
30 [13]
31 [13]
32 []
33 []
34 []
35 [15]
36 [19]
37 []
38 []
39 [19]
40 []
41 []
42 []
43 []
44 [19]
45 [19]
46 [19]
47 [19]
48 [19]
49 [19]
50 [19]
51 [19]
52 [19]
53 [2]
54 [2]
55 [2]
56 [2]
57 [2]
58 [2]
59 [2]
60 [19]
61 [19]
62 [19]
63 [19]
64 [19]
65 [19]
66 []
67 []
68 []
69 []
70 []
71 []
72 [19]
73 [19]
74 [19]
75 [19]
76 [19]
77 [19]
78 [19]
79 [19]
80 [19]
81 [19]
82 [19]
83 [19]
84 []
85 []
86 []
87 [19]
88 [19]
89 [19 17  1]
90 []
91 []
92 [19]
93 [3]
94 []
95 []
96 [19]
97 [19]
98 [19]
99 [19]
100 [19]
101 [19]
102 [19]
103 [19]
104 [19]
105 [13]
106 []
107 []
108 []
109 [15]
110 []
111 []
112 [1]
113 [1]
114 [19 15]
115 [15]
116 [19]
117 [15]
118 [19]
119 [19]
120 [19]
121 []
122 [30]
123 [30]
124 []
125 []
126 []
127 []
128 []
129 []
130 []
131 [30]
132 []
133 []
134 []
135 []
136 []
137 [19]
138 [13]
139 [13]
140 [13]
141 [13]
142 [13]
143 [13]
144 [13]
145 [19]
146 [19]
147 [19]
148 [19]
149 [19]
150 [19]
151 [19]
152 [19]
153 []
154 []
155 []
156 []
157 []
158 []
159 []
160 []
161 []
162 []
163 []
164 []
165 []
166 []
167 []
168 []
169 []
170 []
171 []
172 []
173 []
174 []
175 []
176 []
177 []
178 []
179 []
180 []
181 []
