0 []
1 []
2 []
3 []
4 []
5 []
6 []
7 []
8 []
9 []
10 []
11 []
12 []
13 []
14 []
15 []
16 []
17 [19 19]
18 [19 19]
19 []
20 [19]
21 [34]
22 [19 19  3]
23 [19 19]
24 [19 19 19  3]
25 [19 19 34  3]
26 [19 19  6]
27 [19 19 19 26 21]
28 [19 19]
29 [19 19 26]
30 [19 19]
31 [19 19]
32 []
33 []
34 []
35 []
36 []
37 []
38 [19 11]
39 [19 11]
40 [19]
41 [19 19 37 21 26]
42 [19 19 19  4 37 11]
43 [19 19 19  7]
44 [37 17]
45 [17 37]
46 [17]
47 [17]
48 [3]
49 [17]
50 []
51 []
52 [17]
53 [17]
54 [17  3]
55 [17  9]
56 [17  9]
57 [17  9]
58 [3]
59 [19  3]
60 [3]
61 [19  3 21]
62 [21]
63 [21]
64 [21  3]
65 [21]
66 [3]
67 [3]
68 [3]
69 [21]
70 [19 19]
71 [19]
72 [19 19 21]
73 [19 19 17 34]
74 [19 21  4]
75 [19 19]
76 [19]
77 [19 19]
78 [9]
79 []
80 []
81 []
82 [19]
83 []
84 [19]
85 [19]
86 [19]
87 [19]
88 [19  4]
89 [19 13]
90 [19]
91 [19 13]
92 [19 13]
93 [19 13]
94 [19 13]
95 [19 13]
96 [19 13]
97 [19 19 13]
98 [19 19 13]
99 [19 19 13]
100 [19 19 13]
101 [19 13 20 19]
102 [19 19]
103 [19 19]
104 [19 13]
105 [19 13]
106 [19 19 13]
107 [19 19]
108 [19 13]
109 [19 13]
110 [19]
111 [19 13]
112 [19 13]
113 [19]
114 [19]
115 [19]
116 [19]
117 [19]
118 [19]
119 [19]
120 [19 19]
121 [19 19]
122 [19 19]
123 [19]
124 [19 19]
125 [19 19 19]
126 [19 19 19]
127 [19 19 19]
128 [19 19]
129 [19 19]
130 [19 19]
131 [19 19]
132 [19 19 19]
133 [19 19]
134 [19 19 19]
135 [19 19]
136 [19 19]
137 [19 19]
138 [19 19 19]
139 [19 19]
140 [19 19]
141 [19]
142 [19 19]
143 [19 19]
144 [19 19]
145 [19 19]
146 [19 19]
147 [19 19]
148 [19 19 18]
149 [19 19]
150 [19 19]
151 [19]
152 [19 19]
153 [19 19]
154 [19 19]
155 [19 19]
156 [19 19]
157 [19 19 13]
158 [19 19]
159 [19]
160 [19 19 18  4]
161 [19 19  9  4]
162 [19 19]
163 [19 19]
164 [19 19]
165 [19 17]
166 [19 19]
167 [19 19 18  4]
168 [19 19]
169 [19 19  1]
170 [19 19  1]
171 [19 19]
172 [19  1 19 17]
173 [19 19  1  4]
174 [19 19]
175 [19 19]
176 [19 19]
177 [19 19]
178 [19 19]
179 [19 19]
180 []
181 [13]
182 [19]
183 [19 19 13  9]
184 [19 19 13  9]
185 [19 19 19]
186 [19 19 19]
187 [19 19 19]
188 [19 19 19  1  9]
189 [19 19 19]
190 [19 19 19]
191 [19 19 19]
192 [19 19 19]
193 [19 19 19]
194 [19 19 19]
195 [19 19 19]
196 [19 19 19]
197 [19 19 19]
198 [19 19 19 13]
199 [19 19 19]
200 [19 19 19]
201 [19 19 19]
202 []
203 []
204 []
205 []
206 []
207 []
208 []
209 []
