0 []
1 []
2 []
3 [19  9]
4 [19]
5 [19]
6 []
7 [19]
8 [19 19]
9 [19 19 19]
10 [19  3]
11 []
12 []
13 []
14 []
15 []
16 []
17 [19 13]
18 [19 13]
19 [19 13]
20 [19 13]
21 [19]
22 [19 13]
23 [19 13]
24 [19 13]
25 [19]
26 [19]
27 [19]
28 [19 13]
29 [19]
30 [19]
31 [19 13]
32 [13]
33 [19 19 37]
34 [19]
35 [19]
36 [19]
37 [19]
38 [19]
39 [19 19]
40 [19 19]
41 [19 19]
42 [19 19]
43 [19 19 23]
44 [2]
45 [2]
46 [2]
47 [11]
48 [21]
49 [21]
50 [21]
51 []
52 [19 19]
53 [19]
54 [19 19]
55 [19]
56 [19]
57 [19]
58 [19]
59 [19]
60 [19]
61 [19 19]
62 [19 19]
63 [19 19]
64 [19 19]
65 [19 19]
66 [19 19]
67 [19]
68 [19]
69 [19]
70 [19]
71 [19]
72 [19]
73 [19  6]
74 [2]
75 [2]
76 [2]
77 [2]
78 [2]
79 []
80 [19 37  1]
81 [2]
82 [6 2]
83 [2]
84 [2]
85 [19]
86 [19]
87 [19]
88 [19]
89 [19]
90 []
91 []
92 []
93 [19 13]
94 [19]
95 [1 6]
96 [6]
97 [6]
98 [19  6]
99 [19  6]
100 [ 6 19]
101 [ 6 19]
102 [2]
103 []
104 [2]
105 [2]
106 [2]
107 [2]
108 [2]
109 [2]
110 [2]
111 [19 13]
112 [13 19]
113 [19 13]
114 [13 19]
115 [19 13]
116 [2]
117 [ 2 36]
118 []
119 []
120 []
121 [13 19]
122 [13 19]
123 [19 13]
124 [19 13]
125 [19 13]
126 [19 13]
127 [19 13]
128 [13 19]
129 [13 19]
130 [13 19]
131 [13 19]
132 [13 19]
133 [19 13 15 18  1]
134 [13 18 19]
135 [13 19]
136 [18 13 19]
137 [18 19 13]
138 [18 19 13]
139 [31 24]
140 []
141 []
142 []
143 [13]
144 [1]
145 [13]
146 [19 13]
147 [13]
148 [13 19]
149 [19 13]
150 [13 19  4 15]
151 [19 13]
152 [19 13]
153 [13 19]
154 [13 19]
155 [13 19]
156 [13 19]
157 [19 13]
158 [19 13]
159 [19]
160 [13 15]
161 [13 19  4]
162 [19]
163 [19]
164 [19 18]
165 [19]
166 [19 18]
167 [19 18]
168 [19 18]
169 [19 37 18]
170 [19 18]
171 [19 18]
172 [19 18]
173 [19 18]
174 [19 18]
175 [19]
176 [19 18]
177 [19 18]
178 [19 18 37]
179 [19 18 37 37]
180 [21  6]
181 [6]
182 [6]
183 [ 6 21]
184 [ 6 17]
185 [6]
186 [6]
187 [6]
188 [6]
189 [21  2]
190 [21]
191 [2]
192 [2]
193 [2]
194 [2]
195 [2]
196 [2]
197 [2]
198 [2]
199 [2]
200 [19]
201 [19]
202 [19]
203 [19]
204 [19]
205 [19]
206 [19]
207 [19 13]
208 [19 13]
209 [13 19]
210 [19 13]
211 [13 19]
212 [19 13]
213 []
214 [19]
215 []
216 []
217 []
218 []
219 []
220 []
221 []
222 []
223 []
