0 [13 19]
1 [13]
2 [13]
3 [13  4]
4 [13  2]
5 [19 17]
6 [ 2 13]
7 [ 1 15]
8 [19 13 17]
9 [13 19]
10 [13]
11 [13 19]
12 [13]
13 [13]
14 [19 13  2]
15 [13]
16 [13]
17 [13]
18 [13  2]
19 [13]
20 [13]
21 [13]
22 [13]
23 [13]
24 [13]
25 []
26 [13  9]
27 [9]
28 [12]
29 [12]
30 [12]
31 [12]
32 []
33 []
34 []
35 []
36 [26]
37 []
38 []
39 []
40 [13]
41 []
42 []
43 [13]
44 [13 19]
45 [13]
46 [13 19]
47 [19 13]
48 [19 13]
49 [13]
50 [19 13]
51 [19 13]
52 [13 19]
53 [19 18]
54 [19  1]
55 [19]
56 [19 13]
57 [19 13]
58 [19 13]
59 [19]
60 [19  1]
61 [9]
62 [19]
63 [19  1]
64 [19]
65 [19]
66 [19]
67 [19]
68 [19]
69 [19]
70 [19]
71 [19]
72 [19]
73 [19]
74 [19]
75 [19]
76 [19]
77 [19 13]
78 [19]
79 [19]
80 [19]
81 [19 13]
82 [13]
83 []
84 []
85 [12]
86 []
87 [12]
88 [19 12]
89 []
90 []
91 []
92 []
93 []
94 [27]
95 []
96 []
97 []
98 []
99 []
100 []
101 []
102 []
103 []
104 []
105 []
106 []
107 [12]
108 [12]
109 [ 9 12]
110 [ 9 12]
111 [12]
112 [12]
113 [12]
114 [12]
115 [12]
116 []
117 [9]
118 [27]
119 [13]
120 [13]
121 [13]
122 [13]
123 [13]
124 [13]
125 [13]
126 [13]
127 [13]
128 [13]
129 [13]
130 [12]
131 []
132 []
133 [12]
134 [12]
135 [12]
136 [12]
137 [12]
138 [12]
139 [12]
140 [12]
141 [12]
142 [12]
143 [12]
144 [12]
145 [13]
146 [12]
147 [27]
148 [27]
149 [11]
150 []
151 []
152 [37]
153 []
154 []
155 []
156 [38]
157 [38 19]
158 [38]
159 [38 19]
160 [38]
161 [38]
162 [9]
163 [19]
164 [19  9]
165 [9]
166 [12]
167 []
168 []
169 []
170 [19]
171 [19]
172 [19]
173 []
174 []
175 []
176 []
177 [2]
178 [9]
179 []
180 [1]
181 []
182 [19]
183 [19]
184 [19]
185 [19]
186 []
187 []
188 []
189 [17]
190 [21 19]
191 []
192 []
193 []
194 [13]
195 []
196 []
197 []
198 []
199 [19]
200 [13]
201 []
202 [13]
203 [13]
204 [13]
205 []
206 []
207 []
208 []
209 []
210 []
211 []
212 []
213 [19]
214 []
215 []
216 []
217 []
218 []
219 [19]
220 [3]
221 [3]
222 [ 3 19]
223 []
224 []
225 []
226 []
227 [12]
228 [12]
229 [38]
230 []
231 []
232 []
233 [12]
234 [12]
235 []
236 []
237 [3]
238 []
239 []
240 []
241 [12]
242 []
243 [12]
244 [12]
245 []
246 [12]
247 [38 12]
248 [12]
249 [38]
250 [38]
251 [12]
252 [12]
253 [38 12]
254 []
255 [38 38]
256 [38 38]
257 [38 38]
258 [38 38]
259 [38 38 38]
260 [38]
261 [38]
262 [38]
263 [38 11]
