0 []
1 []
2 []
3 []
4 [19]
5 [19]
6 [19]
7 [19]
8 [19]
9 [19]
10 [19]
11 [19]
12 [19]
13 [19]
14 [19]
15 [19]
16 [19]
17 [19]
18 [19]
19 [19]
20 [19]
21 [19]
22 []
23 [19]
24 []
25 []
26 []
27 []
28 []
29 []
30 [19]
31 [19]
32 [19]
33 [19]
34 []
35 [19]
36 [19]
37 []
38 [19]
39 [19]
40 []
41 []
42 [19]
43 [19]
44 [19]
45 [19]
46 [19]
47 [19]
48 [19]
49 [19]
50 [19]
51 [19]
52 []
53 []
54 [19]
55 [19]
56 [15]
57 []
58 [19]
59 [19]
60 []
61 []
62 [19]
63 [19]
64 [19]
65 [19]
66 [19]
67 [19]
68 []
69 [19]
70 [19]
71 [19]
72 [9]
73 [19]
74 [19]
75 [19]
76 []
77 [19]
78 []
79 []
80 []
81 [19]
82 []
83 [19]
84 []
85 [19]
86 [19]
87 [19]
88 [19]
89 []
90 [19]
91 []
92 []
93 []
94 []
95 []
96 [19]
97 [19]
98 [19]
99 []
100 []
101 [19]
102 [19  9]
103 [19  9]
104 [19]
105 [19]
106 []
107 []
108 []
109 []
110 []
111 [29]
112 [29]
113 []
114 []
