0 [19 15 18]
1 [19]
2 [19]
3 [15 19]
4 [19]
5 [15 19]
6 [15 19 18]
7 [19]
8 [19]
9 []
10 [19 15]
11 [19]
12 [19 15]
13 [19 15]
14 [19]
15 [19]
16 [19]
17 [19]
18 [19]
19 [18]
20 [19]
21 [19]
22 []
23 [15]
24 [19 18]
25 [19]
26 [19 15]
27 []
28 [19]
29 []
30 []
31 [19]
32 [19]
33 []
34 []
35 [19]
36 [19]
37 [19]
38 [19]
39 [19]
40 [19]
41 [19]
42 [19]
43 [19]
44 [19]
45 [19]
46 [15 19]
47 [19]
48 [19 15]
49 []
50 [19]
51 [19]
52 [19]
53 [19]
54 [19]
55 [15 19]
56 [19]
57 [19]
58 []
59 [19]
60 [19 15]
61 [19]
62 [19]
63 [19]
64 [19]
65 [19]
66 [17]
67 []
68 [17]
69 []
70 [19]
71 [19]
72 [19]
73 [19 18 13]
74 [19 15]
75 [19 15]
76 [15 19]
77 [15 19  1]
78 [ 1 19]
79 [19]
80 [1]
81 [ 1 37]
82 [1]
83 [1]
84 []
85 [1]
86 []
87 []
88 []
89 []
90 []
91 []
92 []
93 []
94 []
95 [15]
96 []
97 []
98 []
99 []
100 [1]
101 []
102 [19]
103 []
104 [19]
105 []
106 [19]
107 [19]
108 []
109 []
110 []
111 []
112 [19]
113 [19]
114 []
115 []
116 []
117 []
118 [19]
119 []
120 []
121 [19]
122 []
123 []
124 [15]
125 []
126 [19]
127 []
128 [19]
