0 [19 21  9]
1 [19 21 21]
2 [19 21 21]
3 [19  9]
4 [19 21]
5 [19 21]
6 [19 21]
7 [19 21]
8 [19 21]
9 [19 21]
10 [19 21]
11 [21 19]
12 [19 21]
13 [19 21]
14 [19 21  9]
15 [19  9 21]
16 [19 21  9]
17 [19 21  9]
18 [19 21 21]
19 [19 21  9]
20 [19 21  9 21]
21 [19 21 21  9]
22 [19 21]
23 [19 21]
24 [19 21  9]
25 [21 19  9  1]
26 [19 21  9]
27 [21 19  9]
28 [21 19]
29 [21 19  9]
30 [19 21  9  1]
31 [19 21 18  9]
32 [19  9 21 18]
33 [21 19  2]
34 [27]
35 [19]
36 []
37 [19]
38 []
39 []
40 [19]
41 []
42 [19 21]
43 [21]
44 [19]
45 [19 21  1  1]
46 [21 19  1  9]
47 [19 21]
48 [19 21]
49 [19 21 18]
50 [21 19  9]
51 [19]
52 [19  1 15]
53 [19 15 18]
54 [19 15]
55 [19 15 19]
56 [19]
57 [19 21]
58 [19]
59 [19]
60 [19]
61 [19]
62 [19]
63 [19]
64 [19]
65 [19 21]
66 [19 21]
67 [19 21]
68 [19 21]
69 [19 21]
70 [19 21]
71 [19 21]
72 [19 21]
73 [19 21]
74 [19 21]
75 [19 18 21 30]
76 [19 21]
77 [19 21  1]
78 [21 19]
79 [19]
80 [19 21  9]
81 [19 21]
82 [19]
83 [21 19]
84 [19 21]
85 [21 19  9]
86 [21 19]
87 [21 19]
88 [19 21]
89 [19 21]
90 [19 21]
91 [19 21]
92 [19 21]
93 [19 21]
94 [19 21  9]
95 [19 21  9]
96 [19 21  1]
