0 [13]
1 []
2 [13]
3 [13]
4 [13]
5 [18]
6 [18]
7 [18]
8 [18]
9 [19 13]
10 [19 13]
11 [19 13]
12 [19 13]
13 [19 13]
14 [13]
15 [13]
16 [19 13]
17 [19 13]
18 []
19 []
20 []
21 [2]
22 []
23 []
24 [19]
25 [19]
26 [15]
27 [15]
28 [15]
29 [15]
30 [19 13]
31 [19 13 18]
32 []
33 []
34 [19 13  1]
35 [19 13]
36 [15]
37 [15]
38 [19 13]
39 [19 13]
40 [19 13]
41 [15]
42 []
43 []
44 [19 13]
45 [19 13]
46 [19 13]
47 [19 13]
48 [19]
49 [1]
50 [18]
51 [18]
52 [18]
53 [18]
54 [18]
55 [18]
56 [18]
57 [18]
58 [2]
59 [18]
60 [2]
61 [2]
62 [19 18]
63 [19 18]
64 [19]
65 [2]
66 [2]
67 [2]
68 [2]
69 [2]
70 [2]
71 [13]
72 [19]
73 [19]
74 [19]
75 [19]
76 [2]
77 [2]
78 []
79 [13]
80 [19 13]
81 [19 13  1]
82 [19 18  1 13]
83 [19 13 15 18]
84 [19  1 13]
85 [13]
86 [13]
87 []
88 []
89 []
90 []
91 []
92 []
93 []
