0 [19 13]
1 [19 13]
2 [19 13]
3 [19 13]
4 [19 13]
5 [19 13]
6 [19 13]
7 [19 13]
8 [19 13]
9 [19 13]
10 [19 13]
11 [13 19]
12 [19 13]
13 [19 13]
14 [19 13]
15 [13 19]
16 [19 13]
17 [19 13]
18 [19 13]
19 [19 13]
20 [19 13]
21 [19 13]
22 [19 13]
23 [19 13]
24 [19 13]
25 [19 13]
26 [19 13]
27 [19 13]
28 [19 13]
29 [19 13]
30 [19 13]
31 [19 13]
32 [13 19]
33 [13 19]
34 [13 19]
35 [19 13]
36 [13 19]
37 [13 19]
38 [13 19]
39 [19 13]
40 [19 13]
41 [19 13]
42 [13 19]
43 [13 19]
44 [19 13]
45 [19 13]
46 [13 19]
47 [13 19]
48 [13 19]
49 [19 13]
50 [19 13]
51 [13 19]
52 [19 13]
53 [19 13]
54 [19 13]
55 [19 13]
56 [19 13]
57 [19 13]
58 [19 13]
59 [13 19]
60 [19 13]
61 [19 13]
62 [13 19]
63 [19 13]
64 [19 13]
65 [19 13]
66 [19 13]
67 [19 13]
68 [19 13]
69 [19 13]
70 [19 13]
71 [19 13]
72 [19 13]
73 [19 13]
74 [19 13]
75 [19 13]
76 [19 13]
77 [19 13]
78 [19 13]
79 [19 13]
80 [19 13]
81 [13 19]
82 [13 19]
83 [19 13]
84 [19 13]
85 [19 13]
86 [19 13]
87 [19]
88 [19 13]
89 [19  3]
90 [19 13]
91 [19 13]
92 [19 13]
93 [19 13]
94 [19 13]
95 [19 13]
96 [19 13]
97 [19 13]
98 [19 13]
99 [19 13]
100 [19  3]
101 [19  3 13]
102 [19 13]
103 [19 13]
104 [19 13]
105 [19 13]
106 [19 13]
107 [19 13]
108 [19 13]
109 [19 13 37]
110 [19 13]
111 [19 13]
112 [19 13]
113 [19 13]
114 [19 13]
115 [19 13]
116 [19 13]
117 [19 13]
118 [19 13]
119 [19 13]
120 [19 13]
121 [19 13]
122 [19 13]
123 [19 13]
124 [19 13]
125 [19 13]
126 [19 13]
127 [19 13]
128 [19 13]
129 [19 13]
130 [19 13]
131 [19 13]
132 [19 13]
133 [19]
134 [19]
135 [19  3]
136 [19]
137 [19  3]
138 [19 13]
139 [19]
140 [19]
141 [19]
142 [19  3]
143 [ 3 13]
144 [13]
145 []
146 [12]
147 []
148 [13]
149 [13]
150 [13]
151 [13]
152 []
153 [26]
