0 []
1 []
2 []
3 []
4 []
5 []
6 []
7 []
8 []
9 []
10 []
11 []
12 []
13 []
14 []
15 [2]
16 [1 1]
17 []
18 []
19 [2]
20 [2]
21 []
22 []
23 []
24 [2]
25 [2]
26 []
27 []
28 []
29 []
30 []
31 []
32 []
33 [19]
34 []
35 []
36 []
37 []
38 []
39 []
40 []
41 []
42 []
43 []
44 []
45 []
46 []
47 []
48 []
49 [ 3 19]
50 [3]
51 [3]
52 []
53 [19  1]
54 [19 17]
55 []
56 [19  1]
57 []
58 []
59 []
60 [3]
61 []
62 []
63 [1]
64 [19]
65 [3]
66 [3]
67 [3]
68 [3]
69 [3]
70 [ 3 19 26]
71 [ 3 26]
72 [17  3 19 26]
73 [19  3 26]
74 [19  3 26]
75 [19 26  3]
76 [19 26  3]
77 [19 26  3]
78 [19  3 26  1]
79 [ 3 19]
80 [3]
81 [3]
82 [3]
83 [ 3 19]
84 [ 3 17]
85 [3]
86 [3]
87 [3]
88 [ 3 19 26]
89 [3]
90 [3]
91 [3]
92 [3]
93 [3]
94 [3]
95 []
96 []
97 []
98 []
99 []
100 []
101 [17]
102 [17]
103 [17]
104 [17]
105 [17]
106 []
107 [17]
108 [17]
109 [17]
110 [17]
111 [17]
112 [17]
113 [17]
114 [17]
115 [17]
116 [17]
117 [17]
118 []
119 [17]
120 []
121 [17]
122 [17]
123 []
124 []
125 []
126 []
127 []
128 []
129 []
130 []
131 []
132 []
133 []
