0 []
1 []
2 []
3 [16]
4 [16]
5 []
6 []
7 []
8 []
9 []
10 []
11 []
12 [19]
13 []
14 []
15 []
16 []
17 [13]
18 [13]
19 [13]
20 [13]
21 []
22 [2]
23 []
24 [2]
25 [19]
26 [19 17 19]
27 []
28 []
29 [10]
30 []
31 []
32 [19 19]
33 [19 19]
34 [19 13]
35 [19 13]
36 [19 19 13]
37 [19 19 19 19]
38 [19 19 19]
39 [19 19 19 19]
40 [19 19 19 19]
41 [19 19 19 19]
42 [19 13]
43 [19]
44 [13  9]
45 [13]
46 [13 19]
47 [19 13]
48 [19]
49 [19 19]
50 [19 19]
51 []
52 []
53 []
54 []
55 []
56 []
57 [13]
58 [13]
59 [13]
60 [13]
61 []
62 []
63 []
64 []
65 [13]
66 []
67 [19 19]
68 [19 19 13]
69 [19 19 19 19]
70 [19 19 19 13]
71 [19 19 13 19]
72 [19 19 13 19]
73 [19 19 19 13]
74 [19 19 19 19 13]
75 [19]
76 []
77 [19]
78 [19]
79 [19]
80 []
81 [19]
82 [19]
83 []
84 [19 19]
85 [19]
86 [19]
87 [19]
88 [19]
89 [19]
90 [19]
91 [19 19]
92 [19 19]
93 [19 19]
94 [19]
95 [19 19 26]
96 [19 19]
97 [19 19 26]
98 [19 19]
99 [19 19]
100 [19 19 26  6]
101 [19 21]
102 [19 19]
103 [19 21]
104 [19 21 21]
105 [19 21 21  6]
106 [19 21 21]
107 [19 21 21]
108 [19 21 21  6]
109 [21 21 19]
110 [19 19 19 21 19]
111 [19 19 19 21]
112 [19 19 19]
113 [19 19 19 19]
114 [19 19]
115 [19 19]
116 [19 19]
117 [19 19]
118 [19 19]
119 [19 19]
120 [19 19 19 19 19]
121 [19 19]
122 [19 19]
123 [19 19 19]
124 [19 19]
125 [19 19]
126 []
127 [19 19]
128 [19 19 19 13]
129 [19 19 13  1 19  2]
130 [19 13 19]
131 [19 19 13]
132 [19 19  9 19]
133 [19 19 19 19]
134 [19 19 19 19 19 19]
135 [19 19 19 19 19]
136 [19 19 19 19 19 19 19 19 19 19 19 19]
137 [19 19 19 19 19 19 19 19 19 19 19 19 19]
138 [19 19 19 19 19 19 19 19 19 19 19 19 19]
139 [19 19 19 19 19 19 19 19 19 19 19 19 19]
140 [19 19 19 19 19 19 19 19]
141 [19 19 19 19 19 19 19]
142 [19 19 19 19 19 19 19]
143 [19 19 19 19]
144 [19 19]
145 [19 19 19]
146 [19 19]
147 [19 19 19]
148 []
149 []
150 [2]
151 [ 2 19]
152 [19 27]
153 [19 19]
154 [19 19]
155 [19 19 19 19 19 19 19]
156 [19 19 19 19 19 19]
157 [19 19 19 19 19 19  2]
158 [19 19 19 19 19 19]
159 [19 19 19 19 19 19]
160 [19 19 19 19 19 19  2]
161 [19 19 19 19 19 19]
162 [19 19 19 19 19 19]
163 [19 37 19 38 37 19]
164 [38 19 19]
165 [38 19 19]
166 [38 19 19 19 19 19 19 19 19 19 19 19]
167 [19 19 19 19 19 19 19 19 19]
168 [19 19 19 19 19 19 19 19 19 19]
169 [19 19 19 19 19 19 19 19 19 19 19 19 19]
170 [19 19 19 19 19 19 19 19 19 19]
171 [19 19 19 19 19 19 19 19 19 19 19]
172 [19 19 19 19 19 19 19]
173 [19 19 19 19 19 19 19 19 19 19]
174 []
175 []
176 [15]
177 [ 1 15]
178 []
179 []
180 []
181 [15]
182 []
183 []
184 []
185 []
186 []
187 []
188 []
189 []
190 []
191 []
192 []
193 [15]
194 []
195 []
196 []
197 []
198 []
199 []
200 []
201 []
202 []
203 []
204 []
205 []
206 []
207 []
208 []
209 []
210 []
211 []
