0 []
1 []
2 []
3 []
4 []
5 []
6 []
7 [19 21]
8 [19  3 17 17]
9 []
10 []
11 []
12 [19  3]
13 [19  4  3]
14 [19 21  3  4]
15 [19 21  3]
16 [19 21]
17 [19]
18 [19]
19 [19 21]
20 [19 21]
21 [19 21]
22 [19]
23 [19]
24 [19]
25 [19]
26 [19]
27 [19]
28 [19]
29 [19]
30 [19]
31 [19  6]
32 [19  6]
33 [19]
34 [19]
35 [19]
36 []
37 [19]
38 [19]
39 [19]
40 [19]
41 [19]
42 [19]
43 [19]
44 [19 37]
45 [19]
46 [19]
47 [19]
48 [19 37]
49 [19]
50 [19]
51 [19]
52 [19]
53 [19]
54 [19]
55 [19]
56 [19]
57 [19]
58 [19]
59 [19]
60 [19]
61 [19]
62 [19]
63 [19 37]
64 [19]
65 [19 37]
66 [19 37]
67 [19]
68 [19]
69 [19]
70 [19]
71 [19]
72 [19]
73 [19]
74 [19]
75 [19 37]
76 [19]
77 [19]
78 [19]
79 [19 37]
80 [19]
81 [19]
82 [19  1]
83 [19]
84 [19]
85 [19]
86 [19]
87 []
88 []
89 [19 37]
90 [19]
91 []
92 [19 13]
93 [19]
94 [19 21]
95 [13]
96 [19 13]
97 [2]
98 [19]
99 []
100 [19]
101 [19]
102 [19]
103 [19]
104 [19]
105 [19]
106 [19 13]
107 [19]
108 [19]
109 [19]
110 [19 13]
111 []
112 [19 13]
113 [15]
114 [19]
115 [13]
116 [19]
117 [19]
118 [19]
119 [19 13]
120 [19 13]
121 [19 21 13]
122 [19 13]
123 [19]
124 [19]
125 [19  9 13]
126 [19  2]
127 [19 13]
128 [19 34 13]
129 [19 13]
130 [19 13 21]
131 [19 21 13]
132 [21 19 13]
133 [21 13 19]
134 [19 21 13]
135 [21 19 13  2]
136 [19]
137 [19 13]
138 [19 13]
139 [13 19]
140 [19 13]
141 [19 13]
142 [19 13]
143 [19 13]
144 [19 13]
145 [19 13]
146 [19 13]
147 [19 13]
148 [19 13]
149 [19 13]
150 [21 19]
151 [21]
152 [21]
153 [19]
154 [21]
155 [19 13]
156 [19 13]
157 [19 13]
158 [19 13]
159 [19 13]
160 [19 13]
161 [19 13]
162 [19 13]
163 [19 13]
164 [19 13]
165 [19]
166 [21 14]
167 [14]
168 [14]
169 [21 19]
170 [19 21]
171 []
172 []
173 []
174 []
175 []
176 []
177 []
178 []
179 [19]
180 [19]
181 [19]
182 [19]
183 [19]
184 [19]
185 [19 19]
186 [19]
187 [19 21]
188 [19 21 21  1]
189 [19 21]
190 [19]
191 [19]
192 [19]
193 [19]
194 [21 19 13]
195 [21 13 19 21  1]
196 [21 19 13]
197 [ 7 19 17]
198 []
199 [13]
200 [19 13]
201 []
202 []
203 [19 13]
204 [19]
205 [19]
206 [19 21]
207 [19 21]
208 [19 21]
209 [19]
210 [19 21 13]
211 [19 21 13]
212 [19]
213 [19 21 26]
214 [19 21 34 26]
215 [19 21]
216 [19 21 13]
217 [19 21]
218 [19 21]
219 [19 21]
220 [19 21]
221 [19 21]
222 []
223 []
224 []
225 []
226 []
227 []
228 []
229 []
230 []
