0 []
1 [19 13]
2 [19 13]
3 [19 13]
4 [13]
5 [13 19]
6 [13]
7 [19 13]
8 [19 13]
9 [19]
10 [19 19]
11 [19]
12 [19]
13 [19 13]
14 [19 13]
15 [19 13]
16 [19 13]
17 [19 13]
18 [19 13 19]
19 [13]
20 [13]
21 [13]
22 [13]
23 [13]
24 [13 19]
25 [13 19]
26 [13 19]
27 [19 13]
28 [13 19]
29 [13 19]
30 [13 19  6]
31 [13 19]
32 [13 19]
33 [13 19]
34 [13]
35 [17  3]
36 [19 13]
37 [13]
38 [13 19]
39 [13]
40 [19 13]
41 [13 19]
42 [13 19]
43 [13 19]
44 [19 13 18]
45 [13 19]
46 [19 13]
47 [13]
48 [13]
49 [13]
50 [13]
51 [13]
52 [13]
53 [13 19]
54 [13]
55 [13]
56 [13 19]
57 [19 13]
58 [13 19]
59 [19 13]
60 [13 19]
61 [13 19]
