0 [19 13]
1 [19 13]
2 [13 19]
3 [19 13]
4 [19 13]
5 [19 13]
6 [19 13]
7 [19 13]
8 [19 13]
9 [19 13]
10 [19 13]
11 [19 13]
12 [19 13]
13 [19 13]
14 [19 13]
15 [19 13]
16 [19 13]
17 [19 13]
18 [19 13]
19 [19  9]
20 [19]
21 [19]
22 [13 19]
23 [19 13]
24 [19]
25 [19]
26 [19 13]
27 [19 13]
28 [19 19 13]
29 [19 13]
30 [19 13]
31 [19 13]
32 [19 13]
33 [19 13]
34 [19  9 13]
35 [13 19]
36 [19]
37 [19]
38 [19]
39 [19 18 15]
40 [19]
41 [19]
42 [19 18]
43 [19 13]
44 [19]
45 [19]
46 [19 13]
47 [19 13]
48 [19]
49 [19]
50 [19 13]
51 [19]
52 [19]
53 [19 13]
54 [19 13]
55 [19 13]
56 [19 13]
57 [19 13]
58 [19 13 19]
59 [19 13]
60 []
61 [19  2]
62 [19]
63 [8]
64 []
65 [19]
66 []
67 []
68 [19]
69 [19  2]
70 [19]
71 [19]
72 [19]
73 [19 13]
74 [19 13]
