0 []
1 []
2 [17]
3 [17]
4 []
5 []
6 [12]
7 []
8 [13]
9 [13]
10 [13]
11 [13]
12 []
13 [12]
14 []
15 []
16 [12]
17 []
18 []
19 [19 19]
20 [19 19]
21 [12]
22 []
23 []
24 [19]
25 []
26 []
27 [19]
28 []
29 []
30 []
31 [13 14]
32 [13 14]
33 [13 14]
34 []
35 []
36 []
37 []
38 []
39 []
40 []
41 []
42 []
43 []
44 [21]
45 [19 19]
46 []
47 []
48 []
49 [13]
50 [14]
51 [13]
52 [13]
53 []
54 [13]
55 [13]
56 [14]
57 [14]
58 []
59 [12]
60 [13]
61 [13]
62 [12]
63 []
64 [13]
65 []
66 []
67 []
68 []
69 []
70 []
71 []
72 []
