0 []
1 [19 13]
2 [19 13 29]
3 [19 13]
4 [19 13]
5 [19 13]
6 [19 13]
7 [19 13]
8 [19 13]
9 [19 13  9]
10 [19 13 15  9]
11 [19 13]
12 [19 13]
13 [19 13]
14 [19 13  9]
15 [19 13  9]
16 [19  9]
17 [19  9]
18 [19  1 13]
19 [19]
20 [19]
21 [19 13]
22 [19 13]
23 [19 13  1]
24 [ 1 13 19 15]
25 [ 1 19 13 15  1]
26 [19 13  1  1]
27 [19 13]
28 [19 13]
29 [19 13  1]
30 [19 13  7]
31 [13 19  1]
32 [13 19  1]
33 [19 13]
34 [19  1]
35 [19 13]
36 [19 13]
37 [19 15 13  1 15]
38 [19 13  1]
39 [19 13  1]
40 [19 13]
41 [19  1 13]
42 [ 1 19 13]
43 [19  1 13]
44 [19  1 13]
45 [ 1 19 13]
46 [19  1 13]
47 [19 13  1]
48 [ 1 19 13]
49 [19  1 13]
50 [19 13  7]
51 [19 13]
52 [19 13]
53 [19 13]
54 [19 13  1  7]
55 [19  1 13]
56 [19  1 13]
57 [19  1 13]
58 [19  1 13]
59 [19  1 13  7]
60 [19 13  1  7]
61 [19 13  1  7]
62 [19 13  1  7]
63 [ 1 19 13  7]
64 [ 1 19 13  7]
65 [19 13  7]
66 [19 13  7 34  1]
67 [19  1 13]
68 [ 1 13 19]
69 [19 13  1]
70 [19 13]
71 [19 13  1]
72 [19 13]
73 [19 13]
74 [19 13]
75 [19 13]
76 [19 13]
77 [19 13]
78 [19 13]
79 [19]
80 [19 13]
81 [19 13]
82 [19 13]
83 [19 13]
84 [19 13]
85 [19 13]
86 [19 13]
87 [19 13]
88 [19 13]
89 [19 13]
90 [19 13]
91 [19 13]
92 [19 13]
93 [19]
94 [19 13]
95 [19 13]
96 [19 13]
97 [19 13]
98 [19 13]
99 [19]
100 [19 13]
101 [19 13]
102 [19]
103 [19]
104 [19]
105 [19]
106 [19]
107 [19]
108 [19]
109 [19]
110 [19 37]
111 [19 15]
112 [19 13]
113 [19 18]
114 [19 18]
115 [19]
116 [19]
117 [19]
118 [19]
119 [19]
120 [19]
121 [19]
122 [19 13]
123 [19]
124 [19 18]
125 [19 18]
126 [19]
127 [19]
128 [19]
129 [19]
130 [19 18]
131 [19 15]
132 [19]
133 [19]
134 [19]
135 [19 13]
136 [19]
137 [19 13]
138 [19 13]
139 [19 13]
140 [19 13]
141 [19 13]
142 [19 13]
143 [19 13]
144 [19]
145 [19]
146 [19]
147 [19]
148 [19]
149 [19]
150 [19 13]
151 [19 13]
152 [19 13]
153 [19]
154 [19]
155 [19]
156 [19]
157 [19 13]
158 [19 13]
159 [19 13  9]
160 [19 13]
