0 [14]
1 []
2 []
3 []
4 []
5 []
6 [13]
7 [13]
8 [13]
9 [13]
10 [13]
11 [13]
12 [13]
13 [13]
14 [13]
15 [13]
16 [13]
17 [13]
18 [13]
19 [13]
20 [13]
21 [13]
22 [13]
23 [13]
24 [13]
25 [13]
26 [13]
27 [13]
28 [13]
29 [13]
30 [13]
31 [14]
32 [14]
33 []
34 []
35 []
36 []
37 [14]
38 [14]
39 [14]
40 [14]
41 [13]
42 [13]
43 [13]
44 [13]
45 [13]
46 [13]
47 [13]
48 [13]
49 [13]
50 [13]
51 [13]
52 [13]
53 [13]
54 [13]
55 [13]
56 [13]
57 [13]
58 [13]
59 [13]
60 [13]
61 [13]
62 [13]
63 [13]
64 [13]
65 [13]
66 [13]
67 [13]
68 [13]
69 [13]
70 [13]
71 [13]
72 [13]
73 [13]
74 [13]
75 [13]
76 [13]
77 [13]
78 [13]
79 [13]
80 [13]
81 [13]
82 [13]
83 [13]
84 [13]
85 [13]
86 [13]
87 [13]
88 [13]
89 [13]
90 [13]
91 [13]
92 [13]
93 [13]
94 [13]
95 [13]
96 [13]
97 [13]
98 [13]
99 [13]
100 [13]
101 [13]
102 [13]
103 [13]
104 [13]
105 [13]
106 [13]
107 [13]
108 [13]
109 [13]
110 [13]
111 [13]
112 [13]
113 [13]
114 [13]
115 [13]
116 [13]
117 [13]
118 [13]
119 [13]
120 [13]
121 [13]
122 [13 14]
123 [13 14]
124 [14 13]
125 [13]
126 [13]
127 [13]
128 [13]
129 [13]
130 [13]
131 [13]
132 [13]
133 [13]
134 [13]
135 [13]
136 [13]
137 [13]
138 [13]
139 [13]
140 [13]
141 [13]
142 [13]
143 [13]
144 [13]
145 [13]
