0 []
1 [13]
2 []
3 [19 23]
4 []
5 []
6 []
7 []
8 []
9 []
10 []
11 []
12 []
13 []
14 []
15 []
16 [14]
17 [14]
18 [14]
19 [14]
20 [14]
21 [14]
22 [14]
23 [14]
24 [14]
25 [14]
26 [14]
27 [14 13]
28 [14]
29 [14]
30 []
31 [14]
32 [17]
33 []
34 [14]
35 [14]
36 [13 14]
37 [13]
38 [13]
39 [13 14]
40 [14 13]
41 [13 14]
42 [13 14]
43 [14]
44 [13]
45 [13 14]
46 [13]
47 []
48 [13]
49 [13 14]
50 [13]
51 [13]
52 [14]
53 [14]
54 [13 14]
55 [14]
56 [13 14]
57 [13]
58 [13]
59 [14]
60 []
61 [7]
62 []
63 [13 14]
64 [14 13]
65 [14]
66 [14 13]
67 [13]
68 []
