0 []
1 []
2 []
3 []
4 []
5 []
6 [13 19]
7 [19 13]
8 [13]
9 [13]
10 [19 13 19]
11 [13 19 19]
12 []
13 []
14 []
15 [13]
16 [13]
17 [19 13]
18 [13 19]
19 [13 19]
20 [19]
21 [19 13]
22 [19 13]
23 [19 19]
24 [19]
25 []
26 [13]
27 [19]
28 [19 13]
29 [19 13]
30 [13]
31 []
32 []
33 []
34 [13 19]
35 [19]
36 [13 19]
37 []
38 [13]
39 [13]
40 [13 19]
41 [19 13]
42 [19 13 19]
43 [13 19 19]
44 [19]
45 [13]
46 [19]
47 [13]
48 [19 13]
49 [13 19]
50 [13 19]
51 [13 19]
52 [13 19]
53 [13 19]
54 [13]
55 [19]
56 []
57 [13 19]
58 [13]
59 [13]
60 [13]
61 [13]
62 []
63 []
64 []
65 []
66 [13]
67 [13 19]
68 [13]
69 [13 19]
70 [13]
71 []
72 [19]
73 [19 13]
74 [13 19]
75 [19 13]
76 [13 19]
77 [19]
78 [19 19]
79 [19 19]
80 [13]
81 [13]
82 [13]
83 [13 19]
84 [13]
85 [13]
86 [13]
87 []
88 []
89 []
90 [19]
91 []
92 []
93 []
94 []
95 []
96 [13 19]
97 [13]
98 [13]
99 [19 13]
100 []
101 [19]
102 [19]
103 []
104 []
105 [19]
106 [19]
107 [19]
108 [19 19]
109 [19]
110 [19 19]
111 [19 19]
112 [19 19]
113 [19 19]
114 [19 19]
115 [19]
116 [19 18]
117 [19 19]
118 [19 19 15]
119 [19 19]
120 [19 19]
121 [19]
122 []
123 [3]
124 [3]
125 [3]
126 [3]
127 [3]
128 [19  3]
129 []
130 []
131 [3]
132 []
133 []
134 []
135 []
136 []
137 []
138 []
139 []
140 [1]
141 []
142 []
143 []
144 [1]
