0 []
1 []
2 []
3 [19]
4 [19 19 38]
5 [19]
6 [19 19 38 21]
7 [17  1 17]
8 [17]
9 [19 13]
10 [19 13]
11 [19 13]
12 [19 13]
13 [19 13]
14 [13 19]
15 [13 19]
16 [13 19]
17 [19 13]
18 [19 13]
19 [19 13]
20 [19 13]
21 [19 13]
22 [19 13]
23 [19 13]
24 [19 13]
25 [19 13]
26 [13 19]
27 [19 13]
28 [13 19]
29 [19 13]
30 [19 13]
31 [19 13]
32 [19 13]
33 [19 13]
34 [19 13]
35 [19 13]
36 [19 13]
37 [19 19]
38 [19 19]
39 [19]
40 [19]
41 [19]
42 [19]
43 [19]
44 [19]
45 [19]
46 [19]
47 [19]
48 [19]
49 [19]
50 [19]
51 [19]
52 [19]
53 [19]
54 [19]
55 [19]
56 [19]
57 [19]
58 [19]
59 [19]
60 [19]
61 [19]
62 [19]
63 [19]
64 [19]
65 [19]
66 [19]
67 [19  9]
68 [1]
69 []
70 []
71 [1]
72 []
73 []
74 []
75 []
76 []
77 []
78 [6]
79 [6]
80 [6]
81 [6]
82 []
83 []
84 []
85 [19 13]
86 [19 13]
87 [19]
88 [19]
89 [19 13]
90 [19]
91 [19 13]
92 [13]
93 [19 13]
94 [19 13]
95 [19 13]
96 [19 13]
97 [19]
98 [19 13]
99 [19 13]
100 [19 13]
101 [19 13]
102 [19 13]
103 [19 13]
104 [19 13]
105 [19]
106 [19]
107 [19 13  1]
108 [19 13]
109 [15 19 13  1]
110 [15 19 13]
111 [19 13]
112 [19 13]
113 [19 13]
114 [19 13]
115 [19 13]
116 [19 13]
117 [19 13]
118 [19 13]
119 [19 13]
120 [15 19]
121 [15 19]
122 [19]
123 [19 13]
124 [19 13]
125 [19 13]
126 [19 13]
127 [19 13]
128 [13]
129 [13]
130 [13]
131 [13]
132 [13]
133 [19 13]
134 [19 13]
135 [19 13]
136 [19 13]
137 [19 13]
138 [19 13]
139 [19 13]
140 [19 13]
141 [13]
142 [13]
143 []
144 []
145 [13]
146 []
147 []
148 [13]
149 [13]
150 [13]
151 [13]
152 [19]
153 [19]
154 [19]
155 [19]
156 [19]
157 [19]
