0 []
1 [10 28]
2 []
3 []
4 []
5 []
6 []
7 []
8 []
9 [1]
10 [1]
11 [27 28]
12 [19]
13 [1]
14 [1]
15 []
16 []
17 []
18 [1]
19 [1]
20 []
21 []
22 [19]
23 []
24 []
25 []
26 []
27 []
28 [12]
29 [21]
30 []
31 []
32 []
33 [3]
34 []
35 []
36 []
37 []
38 []
39 []
40 []
41 []
42 []
43 [12  9]
44 []
45 []
46 [9]
47 []
48 []
49 []
50 []
51 []
52 []
53 []
54 []
55 []
56 []
57 []
58 []
59 []
60 []
61 []
62 []
63 []
64 []
65 []
66 []
67 []
68 []
69 []
70 []
71 []
72 [19]
73 []
74 []
75 [1]
76 []
77 []
78 []
79 []
80 [27]
81 [19]
82 [3]
83 [9]
84 [12]
85 []
