0 []
1 []
2 []
3 []
4 []
5 []
6 []
7 []
8 []
9 []
10 [19]
11 [19]
12 [19]
13 []
14 []
15 []
16 []
17 []
18 [19]
19 [19]
20 [19]
21 [19]
22 [19]
23 [19]
24 [19]
25 [19]
26 [19]
27 [19]
28 [19]
29 [13]
30 [15]
31 [13]
32 []
33 []
34 []
35 [19]
36 [19]
37 [19]
38 [19]
39 []
40 []
41 []
42 []
43 []
44 []
45 []
46 []
47 [19]
48 []
49 []
50 []
51 []
52 []
53 [19]
54 [19]
55 [19]
56 []
57 [19 17]
58 [17 19]
59 [9]
60 [19 17]
61 [17  9]
62 []
63 []
64 [19]
65 [19]
66 [19]
67 [19]
68 [19]
69 [19]
70 []
71 [9]
72 [17]
73 [17 19]
74 [17]
75 [17]
76 [17]
77 [17]
78 [17]
79 [17 19]
80 [17]
81 [19 17]
82 [19]
83 [19]
84 [19]
85 [19]
86 [19]
87 [19]
88 [19]
89 [19]
90 [19]
91 [19]
92 [19]
93 [19]
94 [19]
95 [19]
96 [19]
97 [19]
98 [19]
99 [19]
100 [19]
101 [19]
102 []
103 []
104 []
105 []
106 []
107 []
108 []
109 []
110 []
