0 [13 19]
1 [19 13]
2 [19 13]
3 [19 13]
4 [13 19]
5 [19 13]
6 [13 19]
7 [19 13]
8 [13 19]
9 [13 19]
10 [19 13]
11 [19 13]
12 [19 13 18]
13 [13 19 19]
14 [13 19]
15 [19 13]
16 [19 13 33]
17 [19 13]
18 [19 13]
19 [19 13]
20 [19 13]
21 [19 13]
22 [19 13]
23 [19 13]
24 [19 13]
25 [19]
26 [19 13]
27 [19 13]
28 [19 13]
29 [19 13]
30 [19 13]
31 [19 13 18]
32 [19 13]
33 [19 13]
34 [19 13]
35 [19 13]
36 [19 13]
37 [19 13]
38 [19 13]
39 [19 13]
40 [19 13]
41 [19 13]
42 [19 13]
43 [19 13]
44 [19 18 13]
45 [13 19]
46 [13]
47 [13]
48 [13]
49 [13]
50 [13]
51 [13]
52 [13]
53 [13]
54 [13]
55 [13]
56 [13]
