0 []
1 [19]
2 [19]
3 [19]
4 [19]
5 [19  6]
6 [19]
7 []
8 []
9 []
10 [38]
11 [38]
12 [38]
13 [3]
14 [3]
15 [ 3 17]
16 [31]
17 [31 31]
18 [31]
19 [19 19 19 19]
20 [19 19 19  6]
21 [19 19 19]
22 [19 19 19 15]
23 [11]
24 []
25 []
26 [19 19 19 19 37]
27 [19 19 19 19]
28 [19 19 19 19]
29 [19 19 19 21 19 19 21 19 19 21 19 19 19 26 19 19 26 21]
30 [19 19 19 19 19 21 19 19 19 21 21 21 26 19 26 19 19 26 19 21 19 19]
31 []
32 [19 10]
33 [19 10]
34 [19 19 19 21]
35 [19]
36 [19 21 19]
37 [19 21 21]
38 [19 21 21 22]
39 [19 19 21 21]
40 [19 21 19 19]
41 [19 19 21 19]
42 [19 21 19 19]
43 [19 19 19 21 19 19]
44 [19 19 19 21 19 37 19 19]
45 [19 19 21 19 19 37 26]
46 [19 19 37 21 19 19]
47 [19 19 21 19]
48 [19 19 19 21 19]
49 [19 19  9]
50 [ 9 19]
51 [19  9 19]
52 [19 19  9 10]
53 [19]
54 [19]
55 [19]
56 [19  4]
57 [19 19]
58 [19 19]
59 [ 2 17  6]
60 [ 6 19]
61 [21]
62 [19 19]
63 [19  4]
64 [19 19  7]
65 []
66 []
67 [15]
68 []
69 []
70 []
71 []
72 [19 19 19]
73 [19 19 19 38]
74 [19  4 19  9 10  9]
75 [19  9  4]
76 [19 19 19 19 34  9]
77 []
78 [19 19 19 19 21 19 19]
79 [19 19 19 19 19 19 21 19 19]
80 [19 19 19 19 19 19]
81 [19 19 19 19 19 19 19 19 19 19]
82 [19 19 19 19 19 19 19 19]
83 [19 19 19 19 19 19 19 19 19]
84 [19 19 19 19 19 19 19 19 21 19]
85 [19 19 19 19 19 19 21 19 19]
86 [19 19 19 19 19 19 19 21 19 19 19]
87 [19 19 19 19 19 19 19 19 21 19 19 19 19 19]
88 [19 19 19 19 19 19 21 19 19 19 19]
89 [19 19 19 19 19 19 19 19 19 19 21 19 19 19]
90 [19]
91 [19 19]
92 [19 19]
93 []
94 []
95 [19 19]
96 [19]
97 [19]
98 [19 19 19 19 19 19 19 19]
99 [19 19 19 19 19 19 19 19]
100 [19 19 19 19 19 19 19 19]
101 [19 19 19 19 19 19 19 19 21]
102 [19 19 19 19 19 19 19 19 19]
103 [19 19 19 19 19 19 19 19 19]
104 [19 19 19 19 19 19 19 19 19 19 19 21 22]
105 [19 19 19 19 19 19 19 19 19 19 19 21]
106 [19 19 19 19 19 19 19 19 19 19 19 19 22]
107 [19 19 19 19 19 19 19 19 19 19 19 19 19 19 19 21]
108 [19 19 19 19 19 19 19 19 19 19 19 19 21 19 19 21]
109 [19 19]
110 [19 19 19 19]
111 [19 19 19 19 19]
112 [19 19 19]
113 [19 19 19]
114 [19 19 19]
115 [19 19 19]
116 [19 19 19 19 19]
117 [19 19 19 19 19 19 19 19 19 19 19 23 19 34 24 19]
118 [19 19 19 19 19 19 19 19 19 19 26 26 24 26 19 19 19 37]
119 [19 19 19 19 19 19 19 19 19 23 19 19 26 19 21]
120 [19 19 19 19 19 19 19 19 19 19 19 26 19 19 37]
121 [4]
122 [19]
123 [4]
124 [19 19 19 19 21 19 26]
125 [19 19 19 19 21 19 19 19 21 19]
126 [19 19 19 19 19 21 19 21]
127 [19 17 38  3]
128 [19]
129 [19  3]
130 [19 19 19 19 19]
131 [19 19 19 19  4  6]
132 [19 19 19 19 19 31]
133 [19 19 16]
134 [16]
135 [16 19]
136 [19 19 19 19 19 19 19 19 19 19 19 21 19 21 22]
137 [19 19 19 19 19 19 19 21 19 19 21 19]
138 [19 19 19 19 19 19 21 19 19 21 22]
139 []
140 [4]
141 [7]
142 []
143 [19 19 19 19 19]
144 [19 19 19 19 19 19]
145 [19 19 19 19 19 19 19]
146 [19 19 19 19 19]
147 [19 19 19 19 19 19]
148 [19 19 19 19 19 19]
149 [19 19 19 19 20 19 19]
150 [19 19 19 19 19]
151 [19 19 19 19 19]
152 [19 19 19 19 19 19 19]
153 [19 19 19 19 19]
154 [19 19 19 19 19]
155 [19 19 19 19 19 19 19 19 19]
156 [19 19 19 19 19 19]
157 [19 19 19 19 19 19 19 19 19]
158 [19 19 19 19 19 19 19  9 19 19  1]
159 [19 19 19 19 19 19 19 19 19 19]
160 [19 19 19 19 19 19 19 19 19 19]
161 [19 19]
162 [19 19 19]
163 [19 19 19]
164 [19 19 19 19 19 19 19 19 19 23 21 19 23 19 23 19 22]
165 [19 19 19 19 19 19 19 19 19 19 21 23 26 21 26 24 26 24]
166 [19 19 19 19 19 19 19 19 19 19 19 26 21 19 34]
167 [19 19 19 19 19 19 19 19 19 19 19 19 21 26 24 19 23]
168 [9]
169 []
170 [ 9  1 19 10]
171 [9]
172 [ 9 10]
173 []
174 []
175 []
176 []
177 [19 19 19]
178 [19 19 19  9]
179 [19]
180 [19 19 19  4]
181 [19 19 19 19 19 26]
182 [19 19 19 19 19 19]
183 [19 19 19 19 19 19]
184 [19 19 19 19 19 19]
185 [19 19 19 19 19 19 19  4]
186 [19 19 19 19 19 19 19  4]
187 [19 19 19 19 19 19 19 29]
188 [19 19 19 19 19 19 19]
189 [19 19 19 19]
