0 []
1 []
2 []
3 []
4 []
5 []
6 []
7 []
8 []
9 [21]
10 [21]
11 [13]
12 [13]
13 []
14 []
15 []
16 []
17 [38]
18 []
19 []
20 [19]
21 [19]
22 [19]
23 [19]
24 [19]
25 [19]
26 [19]
27 [19]
28 [19]
29 [19]
30 [10]
31 [14]
32 [14]
33 [14]
34 []
35 [38 38 10]
36 [38 38]
37 [1]
38 []
39 []
40 [12]
41 []
42 []
43 [38]
44 [38]
45 []
46 []
47 []
48 []
49 []
50 []
51 []
52 []
53 [38]
54 []
55 []
56 []
57 []
58 []
59 [12]
60 []
61 []
62 []
63 []
64 []
65 [12]
66 []
67 []
68 []
69 []
70 []
71 []
72 []
73 []
74 []
75 []
76 []
77 [17 31]
78 []
79 []
80 []
81 [16]
82 []
83 []
84 []
85 []
86 []
87 []
88 []
89 []
90 []
91 []
92 []
93 []
94 []
95 []
96 []
97 []
98 []
99 []
100 []
101 []
102 []
103 []
104 []
105 []
106 []
107 []
108 []
109 []
110 []
111 []
112 []
113 []
114 []
115 [3]
116 [3]
117 [3]
118 [3]
119 [3]
120 []
121 [14]
122 []
123 [21]
124 [8]
125 []
126 []
127 [8]
128 []
129 []
130 []
131 []
132 []
133 []
134 [12]
135 [12]
136 []
137 []
138 []
139 []
140 []
141 []
142 [12]
143 [12]
144 [12]
145 [12]
146 []
147 []
148 []
149 []
150 []
151 []
152 []
153 []
154 []
155 []
156 []
157 []
158 []
159 []
160 []
161 []
162 []
163 []
164 []
165 []
166 []
167 []
168 []
169 [5]
170 []
171 []
172 []
173 []
174 []
175 [5]
176 []
177 []
178 [38]
179 [38]
180 [38]
181 [38 38]
182 [38]
183 [14]
184 [14]
185 [14]
186 []
187 []
188 []
189 [12]
190 [12]
191 [12]
192 []
193 [15]
194 []
195 []
196 []
197 []
198 []
199 []
200 []
201 []
202 []
203 []
204 []
205 [19]
206 [19]
207 [19]
208 [19]
209 [19]
210 [19]
211 []
212 []
213 [3]
214 []
215 [17]
216 []
217 []
218 []
219 []
220 []
