0 []
1 []
2 []
3 []
4 []
5 []
6 []
7 []
8 []
9 [21 19 21]
10 [21 19 21]
11 [19 21 21]
12 [19 21 21]
13 [19 21 21]
14 [19 21 21]
15 [19 21 21]
16 [21 19 21]
17 [19 21 21]
18 [19 21 21]
19 [19 21 21]
20 [21 19 21]
21 [19 21 21]
22 [21 21 19]
23 [21 21 19]
24 [19]
25 []
26 [10]
27 [10  9]
28 [10]
29 [10]
30 [10]
31 [10  9]
32 [10]
33 [10]
34 [10]
35 [10]
36 [10]
37 []
38 [10]
39 [10]
40 [10]
41 [10]
42 [10]
43 []
44 []
45 []
46 []
47 [10]
48 [10  9]
49 [10]
50 [10]
51 []
52 []
53 [10]
54 [10]
55 [9]
56 [4]
57 []
58 [10]
59 [10]
60 [10]
61 [10 19]
62 [10 19]
63 [10 19]
64 [10 19]
65 [10 19]
66 [10]
67 []
68 []
69 []
70 [19]
71 [19]
72 []
73 []
74 []
75 [19]
76 []
77 []
78 [ 9 19]
79 [19]
80 [21 19 22]
81 [21 21 22 19]
82 [21 19 22]
83 [19 21 22]
84 [21 19 22]
85 [19 22]
86 [19 22]
87 [19]
88 [19]
89 [19]
90 [21 19 22  9]
91 [21 19 22]
92 [19 21  9 22]
93 [21 19 22 21  9]
94 [21 19 22  9]
95 [21 19 21]
96 [21 19 22]
97 [19 21]
98 [19 21 21]
99 [19 21 21  9]
100 [19 21 21]
101 [19 21 21]
102 [19 21 21]
103 [19 21]
104 [19 21]
105 [19 21]
106 [21 19 22]
107 [19 21 22]
108 [19 21  9 22]
109 [19 21 21]
110 [19 21 22]
111 [19 21]
112 [19 21]
113 [19 21 22 21]
114 [19 21  9 21 22]
115 [19 21 22]
116 [19 21 22 21  9]
117 [19 21 21]
118 [19 21 21]
119 []
120 []
121 []
122 []
123 []
124 []
125 []
126 []
