0 []
1 []
2 []
3 []
4 []
5 []
6 []
7 []
8 []
9 [23 23]
10 [19]
11 [19]
12 [19 34]
13 [19]
14 [19]
15 [19]
16 [19]
17 [19]
18 [19 21]
19 [21 21 21 19 21]
20 [21 19 21 19]
21 [21 19 26]
22 [19 21 21 21 21]
23 [21 19]
24 [19 19]
25 [19 21]
26 [21 19]
27 [19 21]
28 [19]
29 [19]
30 [19 21]
31 [19 19]
32 [19 19 19]
33 [19 19 19]
34 [19 19]
35 [19 19]
36 [19 10]
37 [19 10]
38 [19 10]
39 [19 10]
40 [19 10]
41 [19 10]
42 [19 10]
43 [19 10]
44 [19 10]
45 [19 10]
46 [19 10]
47 [19 10]
48 [19 10]
49 [19 10]
50 [19 10]
51 [19 10]
52 [19 10]
53 [19 10]
54 [19 10]
55 [19 10]
56 [19 10]
57 [19 10]
58 [19 10]
59 [19 10]
60 [19 10]
61 [19 10]
62 [19 10]
63 [19 10]
64 [19 10]
65 [10 17]
66 [10]
67 [10]
68 [ 9 10]
69 [ 9 10]
70 [10 19 19  9]
71 [19 10 19]
72 [19  4 10  9]
73 [19 10  9]
74 [19 19 10  9]
75 [19 19 21 10]
76 [19  4 10  9]
77 [19 10  9 19]
78 [19 19 10]
79 []
80 [19 19]
81 [ 9 19 10]
82 [19 10 19]
83 [ 9 19 10]
84 [19 19 10]
85 [ 9 10 17]
86 [19 10 19]
87 [19 19 10]
88 [19 19 10 32  9]
89 [10 19 19 16]
90 [19  3]
91 [19  3]
92 [19 10]
93 [19  3]
94 [19]
95 [19  3]
96 [19  3 10]
97 [19 10]
98 [19 10]
99 [19 10]
100 [19 21 38 10]
101 [19 21 10]
102 [19 10]
103 [19 10]
104 [19 10]
105 [19 10]
106 [19 10]
107 [19 10]
108 [19 10]
109 [19 10  3]
110 [19]
111 [19]
112 [19 22]
113 [19 22]
114 [19 22]
115 [19 22]
116 [19 22]
117 [19 22]
118 [19 22]
119 [19 22]
120 [19 22 13]
121 [19]
122 [19]
123 [19]
124 [19]
125 [19 22 13]
126 [19 22 13]
127 [19 22]
128 [19 22]
129 []
130 []
131 []
132 []
133 []
134 []
135 []
136 []
137 []
138 []
139 []
140 []
141 []
142 []
