0 []
1 []
2 []
3 []
4 []
5 []
6 []
7 []
8 []
9 []
10 []
11 []
12 []
13 []
14 []
15 []
16 []
17 []
18 []
19 []
20 []
21 []
22 []
23 []
24 []
25 [19 19]
26 []
27 []
28 []
29 []
30 []
31 []
32 []
33 []
34 []
35 []
36 []
37 []
38 []
39 []
40 []
41 []
42 []
43 []
44 []
45 []
46 []
47 []
48 []
49 []
50 []
51 []
52 []
53 []
54 []
55 []
56 []
57 [9]
58 []
59 []
60 [9]
61 [9]
62 [9]
63 [9]
64 [9]
65 [9]
66 [9]
67 []
68 []
69 []
70 []
71 []
72 []
73 [12]
74 []
75 []
76 []
77 [9]
78 []
79 []
80 []
81 []
82 []
83 []
84 []
85 [9]
86 []
87 [1]
88 [1]
89 []
90 [1]
91 [1]
92 [1]
93 []
94 []
95 []
96 [12]
97 []
98 []
99 []
100 []
101 []
102 []
103 []
104 []
105 []
106 []
107 []
108 []
109 []
110 []
111 []
