0 []
1 [19]
2 [19]
3 [19]
4 [19]
5 [19]
6 [19]
7 [19]
8 [19]
9 [19 19]
10 [19  4]
11 [19]
12 [19]
13 [19]
14 [19]
15 [19]
16 [19]
17 [19]
18 [19]
19 [19]
20 [19]
21 [19]
22 [19]
23 [19]
24 [19]
25 [19]
26 [19]
27 [19]
28 [19]
29 [19]
30 [19]
31 [19]
32 [19]
33 []
34 [7]
35 [19]
36 [19]
37 [19]
38 []
39 [7 9]
40 [6]
41 [6]
42 [19  9  9]
43 [19  9]
44 [17]
45 [9]
46 [ 9 17]
47 [9]
48 [9]
49 []
50 [9]
51 [9]
52 [9]
53 [9]
54 [9]
55 [ 9 19]
56 [19  9]
57 [19]
58 [19]
59 [9]
60 [9]
61 [9]
62 [9]
63 [9]
64 [9]
65 [9]
66 [19  9]
67 []
68 [9]
69 [9]
70 [9]
71 [9]
72 []
73 []
74 []
75 [19]
76 [4]
77 [19]
78 [19]
79 [9]
80 []
81 [9]
82 [4]
83 [4 9]
84 [4]
85 [9]
86 [19]
87 []
88 [9]
89 []
90 []
91 []
92 [9]
93 [4]
94 [19]
95 []
96 [9]
97 [ 9 17]
98 [17]
99 [ 9 17]
100 [9]
101 [17]
102 []
103 []
104 []
105 [9]
106 [ 9 17]
107 []
108 [9]
109 [9]
110 [9]
111 []
112 [17]
113 [9]
114 [9]
115 [ 4 17]
116 [17]
117 [19]
118 [19]
119 [19]
120 [19]
121 [19]
122 [19]
123 []
124 [4]
125 [1]
126 [9 4]
127 [9]
128 []
