0 []
1 []
2 []
3 []
4 []
5 []
6 []
7 []
8 []
9 [10]
10 [10]
11 [10]
12 []
13 []
14 []
15 []
16 []
17 [5]
18 [14]
19 [14]
20 [10]
21 [14]
22 []
23 []
24 []
25 []
26 []
27 [19 19 19 26 19]
28 [19 19 19]
29 [19 19 19]
30 [19 19 19 19 26]
31 [19]
32 [19]
33 [19]
34 []
35 [9]
36 []
37 [9]
38 []
39 [9]
40 [10]
41 [19  9  9]
42 [19  9]
43 [19  9 17]
44 [19  9 19  9 17]
45 [19  9  9]
46 []
47 []
48 []
49 [10]
50 [10]
51 [10]
52 [10]
53 [10]
54 [10]
55 [10]
56 [ 4 19  9]
57 [4]
58 [10  4]
59 [10  9 19]
60 [19 17]
61 []
62 [17 19 19]
63 [19]
64 [38]
65 []
66 [17 19 19]
67 [19 17  9]
68 [19]
69 [19 19  9]
70 [19  9]
71 [19 19]
72 [ 9 10  9]
73 [ 9 10  9]
74 [10  9  9]
75 [10  9 19]
76 []
77 []
78 []
79 []
80 []
81 []
82 []
83 []
84 []
