0 []
1 []
2 []
3 []
4 [19]
5 [19 26 22]
6 [19 19 26 14]
7 [19 19 22 26]
8 [19 19 22 26]
9 [19 19 22 10 26]
10 [19 19 22 10  9]
11 [19 19 22 10]
12 [19 26 22 10]
13 [19 26 21 26 22]
14 [26 19]
15 [ 1 10]
16 []
17 [10]
18 [19  3]
19 [3]
20 [19]
21 [19]
22 [19 26]
23 [19 26 22]
24 [19 22 19 21 26 14]
25 [19 19 22 26 21 14]
26 [19 19 22 21 14 26]
27 [19 19 22 21 14]
28 [19 19 22 21 14]
29 [19 19 22 21 14]
30 [19]
31 [9]
32 [10 19]
33 [19 22]
34 [21 22 19]
35 []
36 [12]
37 [12]
38 [12]
39 []
40 []
41 [19  1]
42 [19]
43 [15]
44 [15]
45 []
46 [19 21]
47 [19  3]
48 [19 19 19 22 10]
49 [19 22 19 10]
50 [19 19 10]
51 [19 19 19 22]
52 [19 22  9 10]
53 [ 9 22 10 19]
54 [19  9]
55 [19  3 10]
56 []
57 [19  3]
58 [19]
59 []
60 [4]
61 [1 4]
62 [19 19 17 17  9 22]
63 [19 19 17 22  1 17  9]
64 [19 19  9 10 22]
65 [19]
66 [19 19]
67 [19 19 22]
68 [19 19 22]
69 [19 19 10 21]
70 [19 19 17]
71 [19 19 29]
72 [19 19]
73 []
74 []
75 [10]
76 []
77 []
78 []
79 []
80 [19]
81 [ 9 19]
82 []
83 []
84 [19]
85 [19]
86 [19]
87 []
88 [19]
89 [19]
90 []
91 []
92 []
93 []
94 []
95 []
96 []
97 []
98 []
99 []
100 [1]
101 []
102 []
103 []
104 []
105 []
106 []
107 []
108 []
109 []
110 []
111 []
112 []
113 [19 10]
114 [19]
115 [19 19]
116 []
117 []
118 []
119 [19 21 14]
120 [19 19]
121 [19]
122 [21 19]
123 [19]
124 [ 9 10]
125 [ 9 19]
126 []
127 []
128 [10]
129 [19 19]
130 [19 19  9]
131 [19 19]
132 [19 19]
133 [19 19]
134 [19 19  9]
135 [19 19  9]
136 [19 19]
137 [19 19]
138 []
139 [19]
140 [19]
141 [19  6]
142 [19  6  2]
143 [19]
144 [19]
145 []
146 []
147 []
148 [9]
149 [9]
150 [9]
151 [4 9]
152 [19 17  9]
153 []
154 [1]
155 [ 8  9 17]
156 [17]
157 [17  9]
158 [9]
159 [9]
160 [9]
161 [9]
162 [12]
163 [19  9]
164 [19  9]
165 [19  9]
166 [9]
167 [9]
168 [9]
169 [9]
170 [12]
171 [12]
172 []
173 [21]
174 []
175 [14 10]
176 []
177 [19]
178 [19]
179 [ 1 19]
180 [19]
181 [19 19]
182 [19]
183 []
184 [19]
185 []
186 [12]
187 []
188 [12]
189 []
190 []
191 [17  1]
192 []
193 [9]
194 [19 19]
195 [19 19]
196 [19 19 10]
197 [12]
198 [10]
199 [9 1]
200 [19 19]
201 [19 19]
202 []
203 []
204 []
205 []
206 []
207 []
208 []
209 []
210 []
211 [19 10 17]
212 [19 19]
213 [19]
214 [19 10]
215 [19 10]
216 [19]
217 []
218 [19  3]
219 [19  3]
220 []
221 []
222 []
223 []
224 [19 19 21]
225 [19 19 10]
226 []
227 []
228 []
229 []
230 []
231 [12]
232 [12]
233 []
234 []
235 [10]
236 [10]
237 [19 37 19 10 26]
238 [19 19 37 10 26]
239 [19 19 10 26]
240 [19 19 10 10 37]
241 [19 19 10 26 37]
242 [10]
243 [10]
244 [19 19 38 37]
245 [19 19 38]
246 [19 19]
247 [12]
248 [10]
249 [12]
250 [12]
251 [12]
252 [10]
253 [3]
254 [19 19 14]
255 [19 19 14 37]
256 [19 19 14]
257 [19 19 14 10]
258 [19 19 14]
259 [19 19 14]
260 [19 19 14 10]
261 []
262 []
263 []
264 []
