0 []
1 [19 19 19]
2 []
3 []
4 [19]
5 [19 19]
6 [19 19  9 10  9]
7 [19  9 19]
8 [19 19  9]
9 [19]
10 [19]
11 [19]
12 [19  9]
13 [19  9]
14 []
15 [19]
16 [19  9]
17 [19  9  4]
18 [9]
19 [19]
20 [19  9]
21 [19 19  9 19]
22 [19 19 19  4]
23 [19 19 19]
24 [19 19  9]
25 [19 19 19 10]
26 [19 19 19]
27 [19 19 19]
28 [19 19 19]
29 [19 19 34  9]
30 [19 19 19 37]
31 [19 21 19 10]
32 [19 19 21 10 21]
33 [19 21 19  4 19 10]
34 [19 21 19 10  4]
35 [19 19 21 19 10 25 29]
36 [21 19  4 10 19 26]
37 [19]
38 [19 26]
39 [19]
40 [19 26]
41 [19 26]
42 [19]
43 [19 26]
44 [19]
45 [19]
46 [19 26]
47 [19 26]
48 [19]
49 [19]
50 [19]
51 [19]
52 [19]
53 [19 26]
54 [19 26]
55 [19]
56 [19 26]
57 [19]
58 [19 26]
59 [19]
60 [19]
61 [19]
62 [19]
63 [19]
64 [19]
65 [19 26]
66 [19 19 19 19 19 19 26]
67 [19 19 19 19 19 19 19 26]
68 [19 19 19 19 19 19 26]
69 [19 19 19 19 19 19]
70 [19 19 19 19 19 19 19 19 26]
71 [19 19 19 19 19 19 19]
72 [19 19 19 19 19]
73 [19 19 19 19 19 19]
74 [19 19 19 19 19 19 19 19 19 19 19]
75 [19 19 19]
76 [19 19 19]
77 [19 19]
78 [19 19 19]
79 [19 19]
80 [19 19]
81 [19 19 19 26]
82 [19 19 19]
83 [19 19 19 19 37 26]
84 [19 19 19 19 37]
85 [19 19 19]
86 [19 19 19 26 19]
87 [19 19 19]
88 [19 19 19 19  9]
89 [19 19 19 19]
90 [19 19 19 19]
91 [19]
92 [19]
93 [19]
94 [19]
95 [19]
96 [19]
97 [19]
98 [19]
99 [19]
100 [19]
101 [19]
102 [19]
103 [19]
104 [19 19 19]
105 [19 19 19  9]
106 [19 19 19]
107 [19 19 19  9]
108 [19 19 19 19]
109 [19 19 19]
110 [19 19  9]
111 [19 19  9]
112 [19 19  9 19]
113 [19]
114 [19 37]
115 [19 19]
116 [19 19]
117 [19 19]
118 [19 19]
119 [19 19]
120 [19 19 19]
121 [19 19 19]
122 [19 19 19]
123 []
124 []
125 []
126 []
127 []
