0 []
1 []
2 [12]
3 []
4 [12]
5 [12]
6 [12]
7 []
8 [10]
9 [12 19]
10 [19]
11 [19]
12 [19]
13 [19]
14 [19]
15 [19]
16 [19]
17 [19]
18 [19]
19 [19]
20 []
21 []
22 []
23 []
24 []
25 []
26 []
27 [10]
28 []
29 []
30 []
31 []
32 []
33 []
34 []
35 []
36 [19]
37 [19]
38 [19]
39 []
40 [19]
41 []
42 []
43 [19]
44 [19 10]
45 []
46 []
47 []
48 [19]
49 []
50 []
51 []
52 []
53 []
54 []
55 []
56 [19]
57 [19]
58 [19]
59 []
60 []
61 [19]
62 []
63 []
64 []
65 [19]
66 [12]
67 [19]
68 [19]
69 [19]
70 [19]
71 [19]
72 [19]
73 [19]
74 [19]
75 []
76 []
