0 []
1 []
2 []
3 []
4 []
5 []
6 []
7 [5]
8 [5]
9 []
10 []
11 []
12 []
13 [5]
14 []
15 []
16 []
17 []
18 [5]
19 []
20 [19 19]
21 [19 19]
22 [19 19]
23 [19 19]
24 [19 19]
25 [19 19]
26 [19 19]
27 [19 19]
28 [19 29 19]
29 [19 29 19]
30 [19 29 19 38]
31 [29 19 19]
32 [19 19]
33 [19 19]
34 [19 29 19]
35 [29 19 19]
36 [19 19]
37 [19 19]
38 [19 19 29]
39 [19 19]
40 [19 19]
41 [19 19]
42 [19 19]
43 [19 19]
44 [19 19]
45 [19 19 29]
46 [19 19]
47 [19 19 38]
48 [19 19]
49 [19 19]
50 [19 19]
51 [19 19 38]
52 [19 29 19]
53 [19 19]
54 [19 19]
55 [19 19 38]
56 [19 19]
57 [19 19]
58 [19 19]
59 [19 19 29]
60 [19 19]
61 [19 19 29]
62 [19 29 19]
63 [19 19 29]
64 [19 19]
65 [19 19]
66 [19 19]
67 [19 19]
68 [19 19 38]
69 [19]
70 [19 19]
71 [19]
72 [19 38]
73 [19]
74 [19 19]
75 [19 19]
76 [19 19]
77 [19 19]
78 [19 19]
79 [19 19]
80 [19 19]
81 [19 19]
82 [19 19]
83 [19 19 29]
84 [19 19]
85 [19 19]
86 []
87 [19 19]
88 [19 19 38]
89 [19 19]
90 [19]
91 [19 38 19]
92 [19 19 38]
93 [19 19]
94 [19 19]
95 [19 38 19]
96 [19 19 38]
97 [19 19]
98 [19 19]
99 [29 19 19]
100 [19 19 29 38]
101 [19 29 19]
102 [29 19 19]
103 [19 29 19 38]
104 [19 19 29]
105 [19 19 38]
106 [19 19]
107 [29 19 19]
108 [29 19 19]
109 [19 19]
110 [19 19]
111 [19 19]
112 [19 29 19]
113 [29 19 38 19]
114 [29 19 38 19]
115 [19 38 19]
116 [19 19]
117 [19 19]
118 [19 19 38]
119 [19 19 29]
120 [19 29 19 38]
121 [19 19 29]
122 [19 19]
123 [19 19 38]
124 [19 19]
125 [19 19]
126 [19 38 19]
127 [19 19 38]
128 [19 19 38]
129 [19 19]
130 [19]
131 [19]
132 [19 38]
133 [19 19]
134 [19 19 38]
135 [19 19]
136 [19 19]
137 [19 19]
138 [19 19]
139 [19]
140 [19 19]
141 [19 19]
142 [19 19]
143 [19 19]
144 [19]
145 [19 19]
146 [19 19 29]
147 [19 19 38]
148 [29 19 19]
149 [19 29 19]
150 [19 38 19 29]
151 [19]
152 [5]
153 [5]
154 []
155 []
156 []
157 []
158 []
159 []
160 []
161 []
162 []
163 []
164 []
165 []
166 []
167 []
168 []
169 []
