0 []
1 []
2 [15]
3 [9]
4 []
5 [19]
6 [19]
7 [19]
8 [19]
9 [21 21]
10 [21 19]
11 [19 21 19]
12 [19 21 19 21]
13 [19 21 22 21]
14 [19 22 21]
15 [19 22 19 21]
16 [2]
17 [2]
18 [2]
19 []
20 []
21 []
22 [21 21]
23 [21 21]
24 [21 21]
25 [21 21]
26 [19 21 19 21 21]
27 [19 19 21 21]
28 [19 19 21 21]
29 [19 19 21 21 21 21]
30 [19 19 21]
31 [19 19 21 22]
32 [19 19 21]
33 []
34 []
35 []
36 []
37 []
38 []
39 []
40 [19]
41 []
42 [19]
43 [12]
44 [12]
45 []
46 []
47 []
48 []
49 [19 19 21 22 22 22]
50 [19 19 21 22 21]
51 [19 19 21 21 22]
52 [2]
53 [1]
54 [2]
55 []
56 [19 21 19]
57 [21 19]
58 [21 21 19]
59 []
60 [8]
61 [2 8]
62 [2]
63 [2]
64 [2]
65 [2]
66 []
67 []
68 []
69 []
70 []
71 []
72 []
73 [19 19 21 21 21 22 22]
74 [19 19 21 21 21]
75 [19 19 21 21 21]
76 [12]
77 [12]
78 [12]
79 [19 19 21 21]
80 [19 19 21]
81 [19 19 21]
82 [19 21 19 21 26 21]
83 [19 19 21 21 21]
84 [19 21 19 21 21]
85 [12]
86 []
87 []
88 []
89 []
90 []
91 []
92 []
93 []
94 []
95 []
96 []
97 []
98 []
99 []
100 []
101 []
102 []
103 []
104 [21 21]
105 [21 21]
106 [21 21]
107 []
108 []
109 []
110 []
111 []
112 []
113 []
114 []
115 []
116 []
117 []
118 []
119 []
120 []
121 []
122 []
123 []
124 []
125 []
126 []
127 []
128 []
129 []
130 [19 19]
131 [19 19]
132 [19 19 21]
133 [19 21 19]
134 [19 21 19 21]
135 [19 19 21 21]
136 [19 19 22]
137 [19 19 21 21]
138 [19 19 21]
139 [19 19 21]
140 [19 19 21]
141 [10]
142 [10]
143 [10]
144 [10]
145 [10]
146 [10]
147 [19 19 21]
148 [21 19 19]
149 [19 19 21]
150 [21 19 19]
151 [19 21 19]
152 [21 19 19]
153 [19 21 19]
154 []
155 []
156 []
157 []
158 []
159 []
160 [14]
161 [14]
162 [14]
163 [14]
164 []
165 []
166 []
167 [19 19 38]
168 [19 19 38]
169 [19 38]
170 [19 38]
171 [19 38 10]
172 [19 21]
173 [21 19]
174 [21 38 19]
175 [19 21 19 10]
176 [19 21 19]
177 [19 21 19 10]
178 [19 21 19 10]
179 [38]
180 []
181 []
182 []
183 []
184 []
185 []
186 [19 19 26]
187 [19 19 26]
188 [19 19 26 21]
189 [19 19 26]
190 [19 19 26]
191 [19 19 26]
192 [19 19 26]
193 [19 19 26]
194 [19 19 26]
195 [19 19 26]
196 [19 19]
197 [19 19 26]
198 [19 19]
199 [19 19]
200 [19 19]
201 []
202 []
203 []
204 []
205 []
206 []
207 [14]
208 [14]
209 [14]
210 []
