0 []
1 []
2 []
3 []
4 []
5 []
6 []
7 []
8 []
9 []
10 []
11 []
12 []
13 []
14 []
15 []
16 [5]
17 [14]
18 [10]
19 [14]
20 [14]
21 [5]
22 []
23 []
24 []
25 []
26 []
27 [19 19 19 26]
28 [19 19 19]
29 [19 19 19]
30 [19 19 19 19 26]
31 [19 19 19 19 19 26]
32 [19 19 19]
33 [19 19 19]
34 [19]
35 [19]
36 [19 19]
37 [19  9]
38 [19  9  6]
39 [19  6 19]
40 [19]
41 [10]
42 []
43 []
44 []
45 []
46 [8]
47 [10  9  9]
48 [9 9]
49 [19  9 10 17  9]
50 [19  9 10]
51 [19  9 17]
52 [19  9]
53 []
54 []
55 []
56 []
57 [10]
58 []
59 [27]
60 [10]
61 [10  3]
62 [10]
63 [10]
64 [ 4 19 19 19 21]
65 [19 10]
66 [10 19]
67 [10 19]
68 [9]
69 [9]
70 [17 19]
71 []
72 [10  9 19  9]
73 [10  9  9]
74 [ 9  9 10]
75 [10 19]
76 []
77 []
78 []
79 []
80 []
81 []
82 []
83 []
84 []
85 []
86 []
87 []
88 []
