0 [19]
1 [19]
2 [19]
3 [19]
4 [19]
5 [10]
6 []
7 []
8 [4]
9 [7]
10 []
11 [ 7 10]
12 []
13 [10]
14 [10]
15 []
16 [9]
17 [9]
18 [7 4]
19 []
20 [7]
21 [7]
22 [7 9]
23 []
24 []
25 [4]
26 []
27 []
28 []
29 []
30 []
31 []
32 [9]
33 [17  9]
34 [9 1 9]
35 [9 9]
36 [9]
37 [17]
38 []
39 []
40 []
41 []
42 []
43 []
44 [5]
45 [10]
46 [19]
47 [19  3]
48 [19]
49 []
50 [19]
51 [19]
52 [19]
53 [19]
54 [19]
55 [19]
56 [19]
57 []
58 [19]
59 [19]
60 []
61 [19  3]
62 [19]
63 [19]
64 [19]
65 []
66 []
67 []
68 []
69 []
70 []
71 []
72 []
73 [10]
74 [10]
75 [10]
76 [10]
77 [10]
78 [10]
79 [10]
80 [10]
81 [9]
82 [38]
83 []
84 [19]
85 [19]
86 []
87 [38]
88 []
89 []
90 [10]
91 [10]
92 [10]
93 [10]
94 [10]
95 [10]
96 [10]
97 [10]
98 []
99 [10]
100 [10 19]
101 [19]
102 [10 19]
103 [10]
104 [10  9 19]
105 [10]
106 [10]
107 [10]
108 [19 10]
109 [19 10]
110 [10]
111 [10]
112 [10 19]
113 [10 19]
114 [10  9 19 10]
115 [10]
116 [19 10]
117 [10  9]
118 [10]
119 [10  9]
120 [10  9]
121 [10  9]
122 [10]
123 [19 17]
124 [19  9]
125 [19]
126 [19]
127 [19]
128 [19]
129 [19]
130 [19]
131 []
132 []
133 []
134 [10]
135 [19]
136 [10]
137 [10]
138 [10  9]
139 [10]
140 [10]
141 []
142 [19]
