0 [19 21 21 21 21  9]
1 [21 19 21  9 21  9 21]
2 [19 21 21 21  9 21]
3 [19 21 21 21 21]
4 [19 21 21 21 21  6]
5 [21 21 21 19 21]
6 [19 21 21 21 21 17  4]
7 [19 21 21 21 21]
8 [21 21 19 21 21  9]
9 [19 21 21 21 21 21]
10 [21 21 21 21 19 22  6]
11 [21 21 21 19 21  9  6]
12 [21 21 21  6 19]
13 [21 21 21  6]
14 [19 21 21 21]
15 [19 21 21 21 38]
16 [19 21 21 21]
17 [19 21 21 21 37]
18 [21 21 21 19  9]
19 [21 21 21 21]
20 [21 21 21 21  9  6]
21 [21 21 21  9 19]
22 [19 21 21 21]
23 [19 21 21 21 21]
24 [21 21  9 21 21]
25 [21 21 21 19 21  9]
26 [21 21 21 21 19  9]
27 [21 19  9 21 21]
28 [ 9 21 21 21 19]
29 [19 21 21 21  9]
30 [19 21 21 21  6]
31 [21 21 21 19]
32 [19 21 21 21]
33 [19 21 21 21]
34 [19 21 21 21 34  9]
35 [19 21 21 21  9 22 34  9]
36 [19 21 21 22 21  9 17]
37 [19 21 21  9]
38 [21 21 19  9  9 22]
39 [21 22 21 19]
40 [21 21 19 22]
41 [19 21 21 22 21]
42 [19 21 21 21 22]
43 [19 21 21 21 22 19  9]
44 [21 21 21 19 22]
45 [21 21 21  9 22  6]
46 [21 21 21 22 19  4]
47 [19 21 21 21 22]
