0 [28]
1 [9]
2 [9]
3 [9]
4 [19 28]
5 [28 16  9]
6 [28]
7 []
8 []
9 [28]
10 [28  5]
11 [28]
12 []
13 [9]
14 []
15 [28  5]
16 [28  5]
17 [28  5]
18 [28  5]
19 [28]
20 [28  5 10]
21 [10]
22 [19]
23 [19 28]
24 [19 28]
25 [19 14]
26 [14]
27 [19]
28 [19]
29 [19 28]
30 [19 28]
31 [16 28]
32 [ 9 28]
33 [28]
34 [ 9 19 28 16]
35 [16]
36 [ 5 28]
37 [5]
38 []
39 []
40 []
41 [28]
42 [28]
43 [28]
44 []
45 []
46 []
47 []
48 []
49 []
50 []
51 []
52 []
53 [28]
54 [28]
55 [28]
56 [28]
57 [28]
58 []
59 []
60 []
61 []
62 []
63 []
64 []
65 []
66 []
67 [28]
68 [28]
69 [5]
70 [5]
71 [5]
72 [5]
73 [ 5 28]
74 [28  5]
75 [ 5 28]
76 [5]
77 [5]
78 []
79 [5]
80 [5]
81 [28]
82 [5]
83 [ 5 28]
84 [28  5]
85 [ 5 28]
86 [5]
87 [ 5 28]
88 []
89 [ 5 28]
90 [5]
91 [5]
92 []
93 []
94 [5]
95 [28]
96 [5]
97 [17 10]
98 [19  5]
99 [16  9]
100 [5]
101 []
102 [9]
103 [28  5]
104 [5]
105 [ 5 28]
106 [28  5]
107 [5]
108 [5]
109 [5]
110 []
111 [5]
112 [5]
113 [ 5 28]
114 [28]
115 []
116 []
117 []
118 [28]
119 [5]
120 [ 5 28]
121 []
122 [5]
123 [28]
124 [28]
125 [28]
126 [4]
127 [28]
128 []
129 [28  5]
130 [28]
131 [28 19]
132 [9]
133 [9 5]
134 [9 5]
135 [28  9 16]
136 [ 9  5 19]
137 [ 9 28 19]
138 [16 28  5]
139 [28  9]
140 [ 9 19  5]
141 [5]
142 [5]
143 [16  9 28  5]
144 [19  5]
145 [5]
146 [28]
147 []
148 [ 5 28]
149 [5]
150 [28]
151 [28]
152 [28]
153 [28]
154 [28]
155 []
156 []
157 []
158 []
159 [28 10]
160 [10]
161 [28]
162 [28]
163 [28]
164 []
165 []
166 [19]
167 []
168 []
169 [28]
170 []
171 [28]
172 [28]
173 []
174 []
175 []
176 [28]
177 [28]
178 []
179 [ 9 19]
180 [28]
181 [ 9 28]
182 [16  9 28]
183 [16]
184 [16]
185 [9]
186 [ 5 16  9]
187 [28]
188 [ 9 28]
189 [28]
190 [ 9 28]
191 [28 16]
192 [16  5]
193 [28]
194 [5]
195 [9 5]
196 [9 5]
197 [5]
198 [ 9  5 28 16]
199 [5]
