0 [38 22 21]
1 [38 19 21]
2 [38 21 19  9  4]
3 [38 19 21 21]
4 [38 21 19]
5 [19 22]
6 [38 22]
7 [38 22 21]
8 [38 19 21]
9 [19 21]
10 [19 21]
11 [19 21]
12 [19 21]
13 [19 38 21]
14 [19 38 21]
15 [38 21]
16 [38 19 21]
17 [38 19 21]
18 [19 38 21]
19 [19 38 21 21]
20 [38 21 21]
21 [38 21]
22 [38 21]
23 [19 38 21]
24 [38 19 21]
25 [38 19 21 21]
26 [38 19 21 22 21]
27 [38 19 21 21]
28 [19 38 22 21]
29 [38 19 21]
30 [38 19 21 21]
31 [38 19 21 21]
32 [38 19 21 21]
33 [38 19 21]
34 [19 38 21]
35 [19 38 21]
36 [38 19 21 21]
37 [19 38 21]
38 [38 21]
39 [38 21]
40 [38 21]
41 [38 21]
42 [19 38 21]
43 [19 38 21]
44 [19 38 21]
45 [38 21]
46 [38 19 19 21]
47 [19 19 38 21]
48 [19 38 21]
49 [19 38  4 19]
50 [19 19 38 21]
51 [19 38 19 21 22]
52 [19 21]
53 [19 21  4]
54 [19 38]
55 [19 38 21]
56 [19 21 19]
57 [38 19 21]
58 [19 38 19 21]
59 [38 21 19]
60 [38 19 21 19]
61 [38 19]
62 [19 38 21]
63 [19 38 22]
64 [19 38 19]
65 [19 38 22]
66 [38 21 22]
67 [19 19 38 22 21]
68 [38 21 19 22]
69 [19 19 38 21]
70 [19 38 21 34]
71 [19 38 21 22]
72 [19 38 21]
73 [19 38 21  9]
74 [19 38 21]
75 [38 21 19]
76 [19 38 22]
77 [19 19 38 21  9]
78 [38  9 21 19]
79 [38 21  9]
80 [38  9 21 19]
81 [38 21  9 19]
82 [38 21 19  9]
83 [38 22 19 21]
84 [19 38 19 21]
85 [38 19 21]
86 [38 19 19  9 21]
87 [19 38 19  9 22]
88 [19 38 34 22 21]
89 [19 19 38 22 21]
90 [19 19 19 38 21 37 22]
91 [19 19 38 21 22]
92 [38 19 19 22 21]
93 [19 38 19 22]
94 [19 19 38 21 22]
95 [19 38 21 22]
96 [19 38 19]
97 [19 38 21]
98 [38 19 21]
99 [38 19 21  9]
100 [38 22 19 19]
101 [19 19 38 22  6 21]
102 [19 19 38  6 22 21]
103 [19 38 22  6]
104 [19 38 19 21  6 22 21]
105 [19 38 19 21  6  9]
106 [19 21 38 21 22  6]
107 [19 38 19 21 21]
108 [19 38 19 21 21  6]
109 [19 38 21 19 21  6]
110 [19 19 38 21 21  6  9  6]
111 [21 38 19 21  9 19]
112 [19 38 21  6  9  9]
113 [19 38 19 21  6]
114 [19 38 22 19]
115 [19 38  6 22]
116 [19 38 22]
117 [19 38]
118 [19 19 38 21 21  6]
119 [19 19 38 21  6 19]
120 [19 19 38 21 19 19  6]
121 [19 38 19 21 19  6  9]
122 [19 19 38 21  6 34]
123 [19 19 38 21  6]
124 [19 19 38  6 21 34]
125 [19 38 21 19 37]
126 [19 38 19 21  6  9]
127 [19 19 38 21  6]
128 [19 38 19 21  6 33]
129 [19 19 38 21  6 19]
130 [19 19 38 21]
131 [19 19 38 21]
132 [19 19 38 21]
133 [38 19 21 19]
134 [38 21 10]
135 [19 38 21 19 33  4]
136 [38 19 21]
137 [38 19 21 33]
138 [19 38 21 33]
139 [19 38 19 21 10]
140 [19 19 21 22 22 10]
141 [38 19 21]
142 [19 19 38 21 25 33]
143 [19 38 19 21 19]
144 [19 38 19 21 19]
145 [19 38 21]
146 [19 38 19 21]
147 [19 38 19 21 19 33]
148 [19 38 21]
149 [19 38 21]
150 [19 38 21]
151 [19 38 19 21]
152 [19 38 21]
153 [19 19 38 21]
154 [19 38 19]
155 [19 19 21 21 19]
156 [38 21 19]
157 [19 38 21 10]
158 [19 38 21 19]
159 [38 19 19 21 22]
160 [19 38 21]
161 [19 38 21]
162 [19 38 19 21 19]
163 [19 38 19 21 22 33]
164 [19 38 21 19]
165 [19 38 19 21 33]
166 [19 38 19 21]
167 [19 19 38 21 22  6]
168 [38 21 19 22]
169 [19 38 21]
170 [38 21]
171 [38 21]
172 [38 21 22]
173 [38 21]
174 [19 38 21 22]
175 [19 38 22 21]
176 [38 22]
177 [38 21]
178 [38 19 19 21]
179 [19 19 38 21]
180 [19 19 38]
181 [19 19 38  9 21]
182 []
183 []
184 []
185 []
186 []
187 []
