0 [4]
1 [4]
2 [4]
3 [4]
4 [ 4 21]
5 [9]
6 [9 4]
7 [4]
8 [4]
9 [4]
10 [4]
11 [4]
12 [4]
13 [19 21]
14 [21]
15 [4 1]
16 [4 9]
17 [4]
18 [4]
19 [4]
20 [ 9 21 16]
21 [9]
22 [ 9  4 16]
23 [4]
24 [4]
25 [ 9 19  4]
26 [9 9]
27 [4]
28 [19]
29 [21]
30 [9]
31 [6 9]
32 [ 6 19]
33 [19  6]
34 [19]
35 [19]
36 []
37 [21]
38 [9]
39 [4]
40 [ 4 19]
41 [19]
42 [19  4]
43 [ 4 19]
44 [19  4]
45 [ 4 19]
46 [9]
47 [16  9]
48 [9]
49 [21  4  4]
50 [21]
51 [4]
52 []
53 [9]
54 [9]
55 [ 9 16]
56 [9 7 4]
57 [16]
58 [ 9 16]
59 [16]
60 [9]
61 [16  9]
62 []
63 [ 9 16]
64 [ 9 16]
65 [9 7]
66 [16]
67 [ 9 16]
68 [16  9]
69 [ 9 16  4]
70 [9 4]
71 [ 9 16]
72 [9]
73 [16  9]
74 [ 9 16]
75 [ 9 16]
76 [16  9]
