0 []
1 []
2 [9]
3 []
4 [19]
5 [19]
6 [19]
7 [19]
8 [19]
9 [19 19 21 26]
10 [19 21 19]
11 [19 19 19 19 19 19 19 21 19]
12 [19 19 19 19 19 19 19 21]
13 [19 19 21]
14 [19 19]
15 [19]
16 [19]
17 [19]
18 [19 19 19 19  4]
19 [21 16  9]
20 [21 16]
21 []
22 []
23 []
24 [9 5]
25 [9 5]
26 [ 9  5 16]
27 [ 5 16]
28 [19 19 19]
29 [19 19]
30 [19 19]
31 [19 19]
32 [19  4]
33 []
34 [19]
35 [19]
36 [19]
37 [19]
38 [19]
39 [3]
40 []
41 [3]
42 []
43 []
44 [19]
45 [19]
46 [19]
47 [19]
48 [19 19 22 21]
49 [19 19 22 19 21]
50 [19 19 19 22 21 21]
51 [19 19 19 21 21]
52 [19 19 22]
53 [19 19 21 21]
54 [19 19 19 21 22]
55 [19 19 19 21]
56 [19 19 21 21  9 38]
57 [19]
58 [19]
59 [19]
60 [19]
61 [21]
62 [19 21]
63 [21 21 19]
64 [21 21 21 19]
65 [21 21 21]
66 [21 21 19 21]
67 [19 38 19 19 19 19 19 37]
68 [19 19 19 19 19 38]
69 [19 19 19 37 19 19 37]
70 [19 19 19 37 37 19 37]
71 [19 19 19  2  9]
72 [19 21]
73 []
74 [19]
75 [19 21]
76 [19 21]
77 [19 21]
78 [19 21]
79 [11 22 19]
80 [19 22]
81 [19 22]
82 [19]
83 []
84 []
85 [22]
86 [22]
87 []
