0 [19 10  5]
1 [19  9 16 10  4  5]
2 [19 10  9]
3 [19 10  9 15]
4 [19 19 10  4]
5 [19 10 32]
6 [19 10  5]
7 [19 10]
8 [ 9 10  5]
9 [10  9]
10 [10]
11 [ 9  4 10]
12 [ 9 10]
13 [ 9 10]
14 [ 9 16 16  9]
15 [16  9]
16 [ 9  9 16  4]
17 [19 10]
18 []
19 []
20 [19 19 10]
21 [10]
22 [ 9 10  5]
23 [19 19 10]
24 [19 19  9 10]
25 [10 19  9  1]
26 [ 9 19 10  5]
27 [19 10]
28 [19 10]
29 [19 10]
30 [19  9 10]
31 [19 10  9]
32 [10  4  9  4]
33 [ 9 19 10]
34 [19 19  9 10]
35 [19  4 10]
36 [19  9 10]
37 [10]
38 [19 10]
39 [19 10  9]
40 [19 10  9]
41 [9 9]
42 [ 9 10]
43 [19 10  1]
44 [19 19  9 10 10]
45 [19 10]
46 [19  9 10]
47 [16 10  9 19]
48 [ 9 16  9 10  5]
49 [16  9 16  9 10  5]
50 [ 9 19 16 10]
51 [32  9 16 19 10]
52 [ 9 10 19 16]
53 [ 9 10 16]
