0 []
1 []
2 []
3 []
4 []
5 []
6 []
7 []
8 []
9 []
10 []
11 []
12 [1]
13 []
14 [19]
15 [13  1]
16 []
17 []
18 []
19 []
20 []
21 []
22 []
23 []
24 []
25 []
26 []
27 []
28 []
29 []
30 []
31 []
32 []
33 []
34 []
35 []
36 []
37 []
38 []
39 []
40 []
41 []
42 []
43 []
44 [9]
45 [1]
46 []
47 [1]
48 [15  1]
49 []
50 []
51 []
52 [15]
53 [1]
54 []
55 []
56 []
57 []
58 []
59 []
60 []
61 []
62 []
63 [15]
64 []
65 []
66 []
67 []
68 []
69 []
70 [15]
71 []
72 [19]
73 []
74 []
75 []
76 []
77 [1]
78 []
79 []
80 []
81 []
82 []
83 []
84 []
85 []
86 []
87 []
88 []
89 []
90 []
91 []
92 []
93 []
94 [3]
95 [3]
96 []
97 []
98 []
99 []
100 []
101 []
102 []
103 []
104 [19]
105 [9]
106 []
107 []
108 []
109 []
110 [3]
111 [11]
112 [3]
113 [3]
114 [3]
115 []
116 []
117 []
118 []
119 []
120 []
121 []
122 []
123 []
124 []
125 []
126 []
127 []
128 []
129 []
130 []
131 []
132 [1]
133 []
134 []
135 []
136 []
137 []
138 []
139 [15]
140 [15]
141 [15]
142 [15]
143 [15  3]
144 [3]
145 [3]
146 [3]
147 [3]
148 [3]
149 [ 3 19]
150 [3]
151 [3]
152 [3]
153 [3]
154 [3]
155 [3]
156 [3]
157 [3]
158 [3]
159 [3]
