0 [3]
1 [3]
2 [3]
3 [3]
4 [19]
5 [19  2]
6 []
7 [1]
8 [2]
9 [19]
10 [2]
11 [2]
12 [19]
13 [19]
14 [2]
15 [2 1]
16 [2]
17 [19]
18 [1 2]
19 [2]
20 [19]
21 []
22 [2 1]
23 [2]
24 [1]
25 []
26 [19  1]
27 [2]
28 [1]
29 [19]
30 [1 2]
31 [1]
32 []
33 [2]
34 [19]
35 []
36 [1]
37 []
38 [1 1 2]
39 [1]
40 [1]
41 []
42 []
43 []
44 [18  2]
45 []
46 [1]
47 [ 2 18]
48 [1]
49 []
50 []
51 []
52 [ 1 18]
53 []
54 []
55 [18]
56 []
57 []
58 []
59 []
60 []
61 [1]
62 []
63 [1]
64 [ 1 18]
65 []
66 []
67 [1]
68 []
69 []
70 [18]
71 [1]
72 []
73 [18]
74 []
75 [1]
76 [1]
77 []
78 [1]
79 []
80 []
81 [1]
82 [1]
83 []
84 [1]
85 []
86 []
87 []
88 [3]
89 [3]
90 [3]
91 []
92 []
93 []
94 []
95 [ 1 19]
96 [1]
97 [19]
98 [19  1]
99 [19  1]
100 [19]
101 [17  1]
102 [3]
103 [ 3 19]
104 [19]
105 []
106 [19]
107 [19  3]
108 [ 3 19]
109 [3 1]
110 [ 3 19]
111 [3 1]
112 [1]
113 []
114 []
115 []
116 []
117 [19]
118 [19]
119 [19]
120 [1]
121 []
122 [19]
123 []
124 [17]
125 [3 1]
126 []
127 [1 3]
128 []
129 [3]
130 [ 3 19]
131 [3]
132 []
133 [19]
134 [2]
135 [ 3 19]
136 [19  3]
137 [19]
138 []
139 [19  3]
140 [15  1]
141 [19  3 15]
142 [ 1 19  1]
143 [1]
144 [15]
145 [19]
146 []
147 [17]
148 [17]
149 [17]
150 [17  1]
151 [3]
152 [19]
153 [19]
154 [19  1]
155 [19]
156 [19]
157 []
158 [19]
159 []
160 [19]
161 [19]
162 [19]
163 []
164 []
165 [ 1 17]
166 [17 17]
167 []
168 []
169 []
170 [19]
171 [17]
172 []
173 [17]
174 [17 17]
175 [17]
176 [17]
177 []
178 []
179 [17  1]
180 [19]
181 [19  3]
182 [3]
183 [3]
184 [3]
185 [3]
186 [3]
187 [3]
188 [3]
