0 []
1 []
2 []
3 []
4 [1]
5 [1]
6 []
7 []
8 []
9 []
10 []
11 []
12 []
13 []
14 []
15 [1]
16 []
17 []
18 []
19 []
20 []
21 []
22 []
23 []
24 []
25 [1]
26 []
27 []
28 []
29 []
30 []
31 []
32 []
33 []
34 []
35 []
36 []
37 [ 1 19]
38 []
39 [19]
40 [19]
41 []
42 []
43 []
44 [19]
45 [19]
46 []
47 []
48 [1]
49 []
50 []
51 []
52 []
53 [19]
54 [19]
55 [19]
56 []
57 []
58 [19]
59 [19]
60 [1]
61 []
62 []
63 []
64 []
65 []
66 []
67 []
68 []
69 []
70 [1]
71 []
72 [1]
73 []
74 []
75 []
76 []
77 []
78 []
79 []
80 [1 1]
81 [1]
82 []
83 []
84 []
85 []
86 []
87 [1]
88 []
89 []
90 [1]
91 [1]
92 [1]
93 [ 1 21]
94 [1]
95 []
96 []
97 []
98 []
99 []
100 []
101 []
102 [19]
103 []
104 []
105 []
106 []
107 []
108 [1]
109 []
110 []
111 []
112 []
113 [ 1 17]
114 [ 1 19]
115 []
116 []
117 []
118 [1]
119 [19]
120 []
121 []
122 []
123 []
124 []
125 []
126 []
127 []
128 []
129 []
130 []
131 []
132 []
133 []
134 []
135 []
136 []
137 []
138 []
139 []
140 []
141 []
142 []
143 []
144 []
145 []
146 []
147 []
148 []
149 []
150 []
151 []
152 []
153 []
154 []
155 []
156 []
157 []
158 []
159 []
160 []
161 []
162 [1]
163 []
164 []
165 [1]
166 []
167 []
168 []
169 []
170 []
171 []
172 []
173 []
174 []
175 []
176 []
177 []
178 []
179 [19]
180 []
181 []
182 [19]
183 [19  9]
184 []
185 []
186 []
187 []
188 [1]
189 []
190 []
191 []
192 [1]
193 []
194 []
195 []
196 []
197 []
198 []
199 [19]
200 []
201 []
202 []
203 []
