0 []
1 []
2 []
3 []
4 []
5 []
6 []
7 []
8 [19]
9 [19]
10 [19]
11 [19  3]
12 [19  1  3]
13 [19  3  1]
14 [19  1  3]
15 [19]
16 [19  1  3]
17 [19]
18 [19  3]
19 [19  3]
20 [19  3  1]
21 [19  3]
22 [19  3]
23 [19  3]
24 [19  3]
25 [19  3]
26 [19  3]
27 [19  3]
28 [19  3  1]
29 [19  3]
30 [19  3]
31 [19  3]
32 [19  1  3]
33 [19]
34 [19]
35 [19]
36 [19]
37 [19  1]
38 [19]
39 [19]
40 [19]
41 [19]
42 [19]
43 [19]
44 [19]
45 [19]
46 [19]
47 [19]
48 [19  1]
49 [19]
50 [19]
51 [19]
52 [19]
53 [19  1  3]
54 [19]
55 [19]
56 [19  3]
57 [19]
58 [19]
59 [19  1]
60 [19  3]
61 [19]
62 []
63 []
64 [19  1]
65 [19  3]
66 [19  3]
67 [19  3]
68 [19  1]
69 [19]
70 [19]
71 []
72 []
73 [19]
74 [19]
75 [19]
76 [2]
77 [19  2]
78 [19]
79 []
80 []
81 []
82 [15 19]
83 [1]
84 [19]
85 [19 36]
86 [19]
87 [19  1]
88 [19]
89 [19]
90 [19]
91 [19]
92 [19]
93 [19]
94 [19 15]
95 [19  3]
96 [19 15]
97 [19 15 17]
98 [17 17]
99 [19  3]
100 [19]
101 [19]
102 [19 17]
103 [19 17]
104 [19]
105 [ 1 19]
106 [19]
107 [19]
108 [19]
109 []
110 [19]
111 [19]
112 [19]
113 [19]
114 []
115 [17]
116 [17  3]
117 [17  3]
118 [17]
119 [17]
120 [17]
121 []
122 [19]
123 [19]
124 []
125 []
126 []
127 [19]
128 []
129 []
130 [19 15]
131 [19]
132 [19]
133 [19]
134 [19]
135 [19  1]
136 [ 1 19]
137 []
138 [19]
139 [19]
140 [19]
141 [19]
142 [1]
143 [ 1 19]
144 [19]
145 [19]
146 [19]
147 [19]
148 [19]
149 [19]
150 [19 15]
151 [19]
152 [19]
153 [19]
154 [ 1 19]
155 [9]
156 [ 2  1 18  7]
157 [19 17  1]
158 [19]
159 [19]
160 [19  9]
161 [19  7  1]
162 [19]
163 [19 15]
164 [19]
165 [19  1  1]
166 [19  1]
167 [19]
168 [19]
169 [ 1 15]
170 [ 1 19]
171 [ 1 19]
172 [1]
173 [19  1 15]
174 [19  1]
175 [1]
176 [19]
177 [19]
178 []
179 [17]
180 [17]
181 [17]
182 [17]
183 [17]
184 []
185 [15 19]
186 [19]
187 [19]
188 [19]
189 [19]
190 [ 3 19 17]
191 [2]
192 [2]
193 [ 2 19]
194 [2]
195 [19]
196 [19]
197 [2]
198 [2]
199 [19]
200 [19]
201 []
202 [1 2]
203 [19]
204 [19]
205 [19]
206 []
207 [19]
208 [19]
209 [1]
210 []
211 []
212 [19]
213 [19]
214 [19]
215 [19]
216 [19]
217 [19  2]
218 [19 34]
219 [19]
220 [19]
221 [19  2]
222 [19]
223 [19]
224 [19]
225 [ 2 19]
226 [19]
227 [19  1]
228 []
229 []
230 []
231 []
232 []
233 []
234 []
235 []
236 []
237 []
238 []
239 []
240 []
241 []
