0 []
1 []
2 []
3 []
4 []
5 []
6 []
7 []
8 []
9 []
10 []
11 []
12 []
13 [1]
14 [1]
15 []
16 [18  1]
17 [2]
18 [2]
19 [2]
20 [2]
21 [2]
22 [2 1]
23 [1]
24 [2]
25 [2]
26 [2]
27 [29]
28 []
29 []
30 []
31 []
32 [1]
33 [2]
34 [1]
35 [1]
36 [1 9]
37 [1]
38 [ 1 17]
39 [1]
40 [1 2]
41 [1 2]
42 [2 1]
43 [2 1]
44 [1 2]
45 []
46 []
47 []
48 []
49 [15]
50 [15]
51 []
52 [15]
53 []
54 [15]
55 []
56 []
57 [3]
58 [ 3 17]
59 []
60 [1]
61 []
62 []
63 [3]
64 [15]
65 [ 2 15]
66 []
67 [2 1]
68 [2 1]
69 [2 1]
70 [2 1]
71 [2]
72 [2 1]
73 [2 1]
74 [1 2]
75 [1 2]
76 [1 2]
77 [2 1]
78 [2 1]
79 [2 1]
80 [3]
81 [3]
82 []
83 [1]
84 [1]
85 []
86 [3]
87 []
88 []
89 []
90 []
