0 []
1 []
2 []
3 [37]
4 [37]
5 []
6 [37]
7 [37]
8 []
9 []
10 []
11 []
12 [21 21]
13 [21 21]
14 [21 21]
15 [19 22 21 21]
16 [19 21 21 21]
17 [19 21 21 21 21 22]
18 [21 19 21 21 19 21 22]
19 [19 21 21 19 19 21]
20 [19 19 21 21 21 22 21]
21 [21 19 19 22]
22 [21 19 19 21 21]
23 [21 19 22 21 19 21]
24 [22 19 21 21]
25 [21 22]
26 [21 22]
27 [21 22 19]
28 [19 21 21]
29 [21 19 19 21 21 22]
30 [21 19]
31 []
32 []
33 []
34 [13]
35 []
36 []
37 []
38 []
39 []
40 [19]
41 [19 19]
42 []
43 [19]
44 [37 19]
45 []
46 []
47 [19]
48 []
49 [1]
50 []
51 []
52 []
53 [19 19 10 21]
54 [19 19 21]
55 [19 19 21]
56 [19 19 21 19]
57 [19 19 21 19]
58 [19 19 21 19]
59 [19 19 21]
60 [19 19 21 19]
61 [19 19 21 19]
62 [19 19 21]
63 [1]
64 [15]
65 [19 21 19 19]
66 [19 19 19]
67 []
68 []
69 []
