0 []
1 []
2 []
3 []
4 [12]
5 []
6 [12]
7 [12]
8 [12]
9 [12]
10 [12]
11 [36  3]
12 [36  3]
13 [36  3]
14 []
15 []
16 []
17 []
18 []
19 []
20 [19 36]
21 []
22 []
23 [36]
24 []
25 [3]
26 [3]
27 [36  3]
28 [19]
29 [19 19]
30 [19 19]
31 [19  9]
32 [19]
33 [19]
34 [19 19]
35 [19 19]
36 [19 19  3]
37 [19 19]
38 [19  3]
39 [19  3]
40 [19 17]
41 [19 17]
42 [19]
43 [19  3]
44 [19  3]
45 [19]
46 [17]
47 [19]
48 [21 19]
49 [17]
50 [19]
51 [19]
52 []
53 [19]
54 []
55 [ 3 19]
56 []
57 []
58 []
59 [19]
60 [19 22]
61 [19]
62 [19]
63 [19 22]
64 [19 22]
65 [19 22]
66 [19]
67 [19]
68 [19]
69 [19]
70 [19]
71 [19  3]
72 [19  3]
73 [19]
74 [19]
75 [19]
76 []
77 []
78 []
79 []
80 []
81 []
82 []
83 [19]
84 []
85 []
86 []
87 []
88 []
89 []
90 []
91 [2]
92 []
93 [19]
94 []
95 []
96 []
97 []
98 []
99 []
100 [3]
101 [3]
102 [3]
103 [19]
104 [19]
105 [19]
106 [19]
107 [19]
108 []
109 [19]
110 []
111 []
112 []
113 []
114 []
115 []
116 []
117 []
118 [19]
119 []
120 [17]
121 [19 17]
122 [3]
123 [3]
124 [3]
125 []
126 [19 17  3]
127 []
128 [19  3]
129 [19]
130 [19]
131 [19 37]
132 [19 37]
133 [19]
134 [19]
135 [19]
136 [19]
137 [3]
138 [3]
139 [19]
140 [19  3]
141 [37 37 37 37]
142 [3]
143 [3]
144 []
145 []
146 []
147 []
148 []
149 []
150 [3]
151 [19]
152 [19  3]
153 [19  3]
154 [19  3]
155 [19]
156 [19]
157 [19  3]
158 [19  3]
159 [19  3]
160 [19  3]
161 [19  3]
162 [ 3 19]
163 [3]
164 [3]
165 [ 3 19]
166 [3]
167 [3]
168 [3]
169 [3]
170 [3]
171 [3]
172 []
173 []
174 []
175 []
176 []
177 []
178 []
179 [13]
180 []
181 []
182 []
183 []
184 []
185 []
186 []
187 []
188 []
189 []
190 []
191 []
