0 [3]
1 [19 17  3]
2 [19]
3 [19]
4 [19  3]
5 [19]
6 [19  3]
7 [19  3]
8 [19]
9 [3]
10 []
11 [19  3 17]
12 [19 17]
13 [19 17  3]
14 [19 17  3]
15 [19  3 17]
16 [9]
17 [17]
18 [19  3]
19 [19  3 17]
20 [3]
21 [3]
22 [3]
23 [3 9]
24 [ 3 19 17]
25 [ 3 17 17]
26 [ 3 19]
27 [19  3  9]
28 [ 3 17]
29 [ 3 17 17]
30 [ 3 17  9]
31 [ 3 19]
32 [ 3 17]
33 [ 3 17]
34 [ 3 17]
35 [19  3]
36 [ 3 19  9]
37 [ 3 17  9]
38 [3]
39 [ 3 19]
40 [19  3]
41 [ 3 17]
42 [19  3 17]
43 [ 3 19]
44 [3]
45 [ 3 19 19]
46 [ 3 19]
47 [ 3 17 19 17]
48 [3]
49 [ 3 19]
50 [17  3 26 19]
51 [ 3 17 17 19 17]
52 [ 3 19 17]
53 [3]
54 [17  3]
55 [ 3  9 17]
56 [ 3 26]
57 [3 9]
58 [ 3 17]
59 [3 9]
60 [19 17  3]
61 [19  3 34]
62 [19  3]
63 [ 3 17]
64 [ 3 17]
65 [19  3]
66 [19 34  3 17]
67 [ 6  3 17  2]
68 [19  3 17]
69 [3]
70 [ 3 17 17  6 19  9]
71 [19  3  6 34]
72 [19 17  3]
73 [19  3]
74 [ 3 17 17 19  1]
75 [19  3 19]
76 [19 17  3]
77 []
78 [ 3 17]
79 [19  3]
80 [ 3  9 19]
81 [19  3]
82 [19 17]
83 [ 9  3 21]
84 [19]
85 [19  9  3 17  4]
86 [19 17  3  6]
87 [ 3 19 17]
88 [19  3 17  9]
89 [19 19  3  6  4 32]
90 [19  3 34]
91 [19  3 19]
92 [19  3]
93 [19  3  6]
94 [ 3 19]
95 [3 9 6]
96 [19  3 17  6]
97 [3 6]
98 [19]
99 [17  3]
100 [19  3]
101 [ 3 19]
102 [3 9]
103 [19  3 19]
104 [19  3 17]
105 [19]
106 [19]
107 [19  3  6]
108 [ 3  6 17]
109 [3 6]
110 [3 6]
111 [ 3 19  9  9]
112 [19  3 17 17]
