0 []
1 []
2 []
3 []
4 []
5 []
6 []
7 []
8 [17 17]
9 [17]
10 [17]
11 []
12 []
13 []
14 [12]
15 []
16 [17]
17 [17  1]
18 [17 17]
19 [17]
20 [1]
21 [27]
22 []
23 []
24 [15  1]
25 [1]
26 []
27 [1]
28 []
29 [1]
30 [1]
31 [ 1 17]
32 [1]
33 [1]
34 [1]
35 [1]
36 []
37 [1]
38 [1]
39 []
40 []
41 []
42 [27  1 17]
43 []
44 []
45 [ 9 28]
46 []
47 [17]
48 [3]
49 []
50 [15]
51 [1]
52 []
53 [1]
54 []
55 [1]
56 [1]
57 [15]
58 [19]
59 []
60 [36]
61 [3]
62 []
63 []
64 []
65 []
66 []
67 []
68 [15 19]
69 [19]
70 []
71 []
72 []
73 []
74 []
75 []
76 []
77 []
78 []
79 [1]
80 []
81 []
82 []
83 []
84 []
85 []
86 [27]
87 [1]
88 []
89 []
90 []
91 [15]
92 []
93 []
94 []
95 []
96 []
97 []
98 [1]
99 []
100 []
101 []
102 []
103 [15 17]
104 [3]
105 [3]
106 []
107 []
108 [3]
109 [3]
110 [15]
111 []
112 []
113 []
114 [17]
115 []
116 [3]
117 []
118 []
119 [3]
120 []
121 [17]
122 [3 1]
123 [3]
124 [3]
125 [3]
126 []
127 []
128 [17]
129 [15 17]
130 [1]
131 [1 7]
132 [ 1 15 17]
133 [ 1 15]
134 [1 1]
135 [1]
136 [1]
137 [1]
138 []
139 []
140 []
141 []
142 [19]
143 []
144 [1]
145 [17  1 15]
146 [1]
147 [1]
148 []
149 [1]
150 [1]
151 []
152 []
153 []
154 [1]
155 [1]
156 []
157 []
158 []
159 []
160 []
161 [3]
162 []
163 []
164 []
165 [15]
166 [15]
167 [17 17]
168 [19  3 15]
169 [17]
170 [36  3 17]
171 []
172 [3]
173 [3]
174 [3]
175 [3]
176 []
177 [3]
178 []
179 [3]
180 [3]
181 [3]
182 [3]
183 []
184 []
185 []
186 []
187 []
188 [17  3]
189 [3]
190 []
191 []
192 []
193 [12]
194 []
195 []
196 []
197 []
198 []
199 [ 6 22]
200 [11]
201 [ 6 11]
202 [11]
203 [11]
204 [11]
205 [11  6]
206 [11]
207 [6]
208 []
209 []
210 []
211 []
212 []
213 []
214 []
