0 []
1 [21 21 38]
2 [21 21 38 21 21]
3 [21 21 38]
4 [21 21 38]
5 [21 21 38]
6 [21 21 21 19]
7 [5]
8 []
9 []
10 []
11 []
12 [11]
13 []
14 []
15 [19  3]
16 [19]
17 [19]
18 [19  3]
19 [ 3 19]
20 [3]
21 []
22 []
23 [3]
24 [3]
25 []
26 [6]
27 [1]
28 [19 19  3]
29 []
30 []
31 [3 1]
32 [3]
33 []
34 [3]
35 []
36 []
37 [3]
38 [3]
39 [3]
40 []
41 [19 17  3]
42 []
43 []
44 []
45 []
46 [19  3]
47 [19  3]
48 [ 3 19]
49 [3]
50 [19  3]
51 [19  3]
52 [21 21  3 21 22 21]
53 [21 21  3 21 21]
54 [21  3]
55 [3]
56 [3]
57 [3]
58 [3]
59 [3]
60 [3]
61 [3]
62 [3]
63 [ 3 19]
64 [19  3]
65 [ 3 19]
66 [3]
67 [23  3]
68 [23 19  3]
69 [19 23]
70 [23]
71 [23 19]
72 [19]
73 [19]
74 [3]
75 [3]
76 [3]
77 [19]
78 [19]
79 [3]
80 []
81 [3]
82 [19]
83 [3]
84 [3]
85 [3]
86 [3]
87 [3]
88 [3]
89 []
90 []
91 [17]
92 [17]
93 [6]
94 [6]
95 []
96 [6]
97 [19]
98 [3]
99 [3]
100 [3]
101 [3]
102 []
103 []
104 []
105 [3]
106 [3]
107 [3]
108 [3]
109 [3]
110 [3]
111 [19  3]
112 [3]
113 [3]
114 [3]
115 []
116 [3]
117 [3]
118 [3]
119 [3]
120 [19]
121 [19  3]
122 [3]
123 [3]
124 [3]
125 [3]
126 [3]
127 [3]
128 [3]
129 [3]
130 [3]
131 [3]
132 [3]
133 []
134 []
135 [11  3]
136 [3]
137 [3]
138 [3]
139 [3]
140 [19 19]
141 [19 19]
142 []
143 [21  3]
144 [21]
145 [21 21]
146 [21 21 21 21 22 21]
147 [21 21 21 21 21 22 38]
148 [21 21 21 21 22 21]
149 [21 21 21 21 22]
150 [21 21 21]
151 [21 21 21 21 21]
152 [21 21 21 38 21]
153 [21 21 21 38 21]
154 [21 21 21 38 21]
155 [21 21 38 21 21]
156 [21 21 38 21]
157 [21 21 21 38]
158 [27]
159 []
160 []
161 []
162 []
163 []
164 []
165 []
166 []
