0 []
1 []
2 []
3 []
4 []
5 []
6 []
7 []
8 []
9 []
10 []
11 []
12 []
13 []
14 []
15 []
16 [17]
17 [3]
18 [3]
19 [3]
20 []
21 []
22 []
23 []
24 []
25 []
26 [2 2]
27 [ 2  2 17 19]
28 [ 2  2  1 17]
29 [ 2 19  2]
30 [ 2  2 19 17  1]
31 [17  2]
32 [17  9]
33 [17]
34 [19]
35 []
36 [3]
37 [3]
38 [3]
39 [3]
40 [3]
41 [3]
42 [3]
43 [3]
44 [ 3 17]
45 [ 3 17]
46 []
47 []
48 []
49 []
50 []
51 [3]
52 []
53 []
54 []
55 [13]
56 [37]
57 []
58 []
59 []
60 [3]
61 [3]
62 []
63 [3]
64 [3]
65 [3]
66 [3]
67 []
68 []
69 [3]
70 [3]
71 []
72 []
73 []
74 [2]
75 []
76 [19]
77 [19 19]
78 [19]
79 []
80 [19]
81 [19]
82 []
83 []
84 [19 19]
85 [19]
86 [19]
87 [19]
88 [19]
89 [19]
90 [19]
91 [ 1  1 19]
92 []
93 [1]
94 []
95 []
96 []
97 [3]
98 []
99 []
100 []
101 []
102 []
103 [1]
104 [1]
105 [ 1 15]
106 [1]
107 [1]
108 []
109 []
110 [1]
111 [1]
112 [1]
113 [1]
114 [1]
115 [1]
116 []
117 []
118 [17]
119 [3]
120 [3]
121 []
122 [1]
123 [ 1 19  1]
124 []
125 [ 1 19  3]
126 [19  1]
127 [19]
128 [3]
129 []
130 []
131 [3]
132 [3]
133 []
134 [3]
135 [3]
136 []
137 [1]
138 [1]
139 [1]
140 []
141 []
142 [1]
143 []
144 [ 1 19  1]
145 [19  1  1]
146 [19 19  1]
147 [19]
148 [19 19  1]
149 [19 19  1]
150 [19  1 19]
151 [19]
152 []
153 []
154 []
155 []
156 []
157 []
158 []
159 []
160 []
161 []
162 []
163 []
164 []
165 []
166 []
167 []
