0 []
1 []
2 []
3 []
4 []
5 []
6 [3]
7 [19  3]
8 []
9 []
10 [3]
11 []
12 []
13 []
14 []
15 []
16 []
17 []
18 []
19 []
20 [3]
21 [3]
22 [1 3]
23 []
24 []
25 []
26 []
27 []
28 []
29 []
30 [3]
31 [3]
32 []
33 [3]
34 [3]
35 [3]
36 []
37 [3 1]
38 []
39 [3]
40 [3]
41 [3]
42 [3]
43 [3]
44 [3]
45 [3]
46 [3]
47 []
48 [3]
49 [3]
50 []
51 []
52 [3]
53 [3]
54 [3]
55 [3]
56 [3]
57 [3]
58 [3]
59 [3]
60 [3]
61 [3]
62 [3]
63 [3]
64 [3]
65 []
66 []
67 []
68 []
69 []
70 []
71 []
72 []
73 [3]
74 []
75 []
76 []
77 []
78 []
79 []
80 []
