0 []
1 []
2 []
3 [17]
4 [17]
5 [17]
6 [17]
7 [17]
8 [17]
9 [17  1]
10 [17]
11 []
12 [12]
13 [12]
14 []
15 [1]
16 [19]
17 [19]
18 []
19 []
20 []
21 []
22 [3]
23 []
24 []
25 []
26 [19]
27 []
28 []
29 []
30 []
31 []
32 [15]
33 []
34 []
35 []
36 []
37 []
38 []
39 []
40 [12  1]
41 []
42 []
43 []
44 []
45 [19]
46 [12]
47 []
48 []
49 [3]
50 [3]
51 [3]
52 [3]
53 [3]
54 [3]
55 [3]
56 [3]
57 [3]
58 [3]
59 [3]
60 []
61 []
62 []
63 []
64 [19]
65 [1]
66 []
67 [3]
68 [3]
69 [3]
70 [3]
71 [17  1]
72 []
73 []
74 []
75 []
76 [3]
77 [3]
78 [17]
79 [17  3]
80 [3]
81 [17]
82 [17]
83 [1]
84 []
85 []
86 [1]
87 [19 17]
88 [19]
89 [19]
90 [19]
91 [19]
92 []
93 [19]
94 [19]
95 [ 1 19]
96 [19]
97 [ 1 19  1]
98 [19]
99 [19]
100 [1]
101 []
102 []
103 []
104 []
105 []
106 []
