0 []
1 []
2 []
3 []
4 []
5 []
6 []
7 []
8 []
9 []
10 []
11 []
12 []
13 []
14 [3]
15 [3]
16 [3]
17 [3]
18 [3]
19 [3]
20 [3]
21 [3]
22 [3]
23 [3]
24 []
25 []
26 []
27 []
28 []
29 []
30 []
31 []
32 []
33 []
34 []
35 []
36 []
37 []
38 []
39 []
40 []
41 []
42 []
43 []
44 []
45 []
46 [3]
47 [3]
48 []
49 []
50 [3]
51 [ 3 19]
52 [3]
53 []
54 [3]
55 []
56 []
57 [ 3 19 26]
58 [ 3 19 26 37]
59 [19  3 37]
60 [ 3 17]
61 []
62 []
63 []
64 []
65 []
66 []
67 []
68 [21]
69 []
70 [17]
71 []
72 []
73 [3]
74 [ 3 19]
75 [ 3 17]
76 [ 3 17]
77 [ 3 15 17 27]
78 [ 3 17  1]
79 [ 3 19 17 15 27]
80 [ 3 17]
81 [19  3 19]
82 [19  3]
83 [19  3]
84 [3]
85 [2]
86 [2]
87 [ 1 17]
88 []
89 [2]
90 [6 2]
91 [2 7]
92 [6]
93 []
94 []
95 []
96 []
97 []
98 []
99 []
100 []
101 []
102 []
103 []
104 [19  3]
105 [19  3]
106 [19  3]
107 [19  3]
108 [3]
109 [3]
110 [3]
111 [19  3  1]
112 [19  3 34 17]
113 [19  3]
114 [17  9]
115 [3]
116 [19  3]
117 [19  3]
118 [ 3 19 17]
119 [19  3  1 17]
120 [ 3 19 17]
121 [3]
122 [19  3]
123 [19  3 17]
124 [19  3]
125 [19  3]
126 [19  3]
127 [19  3]
128 [19  3 17]
129 [19  3  1]
130 [19  3]
131 [19  3]
132 [19  3]
133 [3]
134 [ 3 19]
135 [ 3 19]
136 [19  3]
137 [ 3 19]
138 [19  3  1]
139 [19  3  1]
140 [19  3]
141 [17]
142 [17]
143 []
144 []
145 [17]
146 [ 1 15]
147 []
148 []
149 []
150 []
151 []
152 [1]
153 []
154 []
155 []
156 [3]
157 [3]
158 [3]
159 [3]
160 [3]
161 [3]
162 [3]
163 [3]
164 [3]
165 [3]
166 [3]
167 []
168 []
169 [3]
170 [3]
171 [3]
172 [3]
173 [3]
174 [3]
175 []
176 [3]
177 [3]
178 [3]
179 [3]
180 []
181 [2]
182 [19]
183 [15  3  1]
184 [3]
185 [3]
186 []
187 []
188 []
189 []
190 []
191 []
192 []
193 []
194 []
195 []
196 []
197 []
198 []
199 []
200 []
201 []
202 []
203 []
204 []
205 []
206 []
