0 []
1 []
2 []
3 []
4 []
5 []
6 [19]
7 [19]
8 [19]
9 [19  3]
10 [19 19  3]
11 [19  3]
12 [19  3]
13 [19  3]
14 [19  3 26]
15 [19  3]
16 [19  3 37]
17 [19  3 26 37]
18 [19  3]
19 [ 3 19]
20 [19  3]
21 [19 37  3]
22 [19  3 37]
23 [19 37  3]
24 [19  3 37 26]
25 [19  3 37]
26 [19  3 37]
27 [19  3]
28 [19  3]
29 [19  3]
30 [19  3]
31 []
32 []
33 []
34 []
35 []
36 []
37 []
38 [7]
39 [7]
40 [7]
41 [7]
42 [7]
43 [7]
44 []
45 []
46 [19]
47 [19  3]
48 []
49 []
50 [19]
51 [19]
52 [19]
53 [19]
54 [19]
55 [19]
56 [19]
57 [19]
58 [19]
59 [19]
60 [19]
61 [19]
62 [19]
63 [6]
64 []
65 [19]
66 [19]
67 [19]
68 [19]
69 [2]
70 [2]
71 [2]
72 [2]
73 [19]
74 [19]
75 [19]
76 [19]
77 [19]
78 [19]
79 [19 37]
80 [19 37]
81 [19]
82 [19]
83 [19]
84 [19]
85 [19]
86 [19]
87 []
88 []
89 []
90 []
91 []
92 []
93 [2]
94 [2]
95 []
96 []
97 [2]
98 []
99 [19 11]
100 [19 11]
101 [11 19]
102 [11]
103 []
104 []
105 [19]
106 [19]
107 [19]
108 [19]
109 [19]
110 [19]
111 [19]
112 [37]
113 [19 37]
114 [37 19 13]
115 [37]
116 [37]
117 [37]
118 [37]
119 [37]
120 [3 1]
121 []
122 []
123 [2]
124 [21]
125 [21]
126 [21]
127 []
128 [19 37]
129 [19]
130 [19 37]
131 [19]
132 [19 37]
133 [19]
134 []
135 []
136 []
137 []
138 []
139 []
140 [3]
141 []
142 []
143 [ 3 19]
144 [19  3]
145 []
