0 []
1 [1]
2 [1]
3 [1]
4 [1]
5 [1]
6 [1]
7 [1]
8 [ 1 17]
9 [19  3]
10 [19  3]
11 [19  3]
12 [19  3]
13 [19  3]
14 [19  3]
15 [19  3]
16 [19  3]
17 [19  3]
18 [19]
19 [19]
20 [19]
21 [19 19 21]
22 [19]
23 [19]
24 [19  2]
25 []
26 []
27 []
28 []
29 [19]
30 [19]
31 [19]
32 [19]
33 [19]
34 [19  3]
35 [19  3]
36 [19  3]
37 [19  3]
38 [19  3]
39 [19  3]
40 [19  3]
41 [19  3]
42 [19  3]
43 [19  3]
44 [19  3]
45 [19]
46 []
47 [19]
48 [19]
49 [19  1]
50 [2]
51 [1]
52 [15]
53 [3]
54 []
55 [3]
56 [3]
57 [3]
58 [ 3 19]
59 [19 15  1 37  3]
60 [19 37  1 15  3]
61 [19  1 37]
62 [19  1 37]
63 [19 37]
64 [19  1 37]
65 [3]
66 [3]
67 []
68 []
69 [1]
70 [1]
71 []
72 [1]
73 []
74 [3]
75 [19]
76 [19]
77 [19]
78 [19]
79 [ 3 17]
80 [15 17]
81 [3]
82 [3]
83 [3]
84 []
85 [3]
86 [3]
87 [3]
88 [3]
89 [3]
90 [3]
91 [3]
92 [3]
93 [3]
94 [3]
95 [3]
96 [3]
97 [3]
98 [19  3]
99 [19  3]
100 [19  3  1]
101 [19  3]
102 [19  3]
103 [19  3 19]
104 [19  3]
105 [19  3]
106 [19  3]
107 [19  3]
108 [19  3]
109 [19  3]
110 [19 37]
111 [19]
112 [19]
113 [19  3]
114 [19  3]
115 [19]
116 [19  3]
117 [19  3 37]
118 [19  3]
119 [19  3]
120 []
121 []
122 [17]
123 []
124 []
125 []
126 []
127 []
128 []
