0 [3]
1 []
2 [19  3]
3 [3]
4 [3]
5 [3]
6 [ 3 19]
7 [3]
8 [3]
9 [3]
10 [3]
11 [3]
12 []
13 []
14 [3]
15 [3]
16 [3]
17 [17  3  1]
18 []
19 [2]
20 [2]
21 [2]
22 [2]
23 [2]
24 [2]
25 [2]
26 [19]
27 [19]
28 [2]
29 [2]
30 []
31 [2]
32 [ 2 21]
33 []
34 []
35 []
36 []
37 [2]
38 []
39 [2]
40 [2]
41 []
42 [3]
43 [3]
44 []
45 []
46 [17]
47 []
48 [17]
49 []
50 []
51 []
52 []
53 []
54 []
55 []
56 []
57 []
58 []
59 [19]
60 []
61 [2]
62 []
63 [2]
64 [2]
65 [2]
66 []
67 [2]
68 [2]
69 []
70 []
71 []
72 []
73 []
74 []
75 []
76 []
77 [2]
78 []
79 []
80 []
81 []
82 []
83 []
84 [19]
85 [19]
86 [19]
87 []
88 []
89 []
90 []
91 []
92 []
93 []
94 []
95 [19]
96 []
97 [19  3]
98 [19]
99 [3]
100 [19  3]
101 [3]
102 [ 3 17]
103 [3]
104 []
105 [3]
106 [3]
107 [3]
108 [3]
109 [3]
110 [3]
111 [3]
112 [ 3 19 19]
113 [3]
114 [3]
115 [3]
116 [3]
117 [3]
118 [3]
119 [3]
120 [3]
121 [3]
122 [3]
123 [3]
124 [19  3]
125 [3]
126 [3]
127 [3]
128 [3]
129 [3]
130 [3]
131 [3]
132 [3]
133 [3]
134 [3]
135 []
136 []
137 []
138 []
139 [3]
140 [3]
141 []
142 [3]
143 [3]
144 []
145 []
146 []
147 []
148 []
149 [3]
150 [21]
151 [21]
152 []
153 [21]
154 []
155 [3]
156 [ 3 21]
157 []
158 [1]
159 [21]
160 [21]
161 [2]
162 [21]
163 [21]
164 []
165 []
166 []
167 []
168 []
169 []
170 []
171 []
172 [3]
173 [3]
174 [3]
175 [3]
176 []
177 [17 21]
178 [21]
179 []
180 [21]
181 [17]
182 [21  1]
183 [ 1 21]
184 []
185 [3]
186 [3]
187 [3]
188 [3]
189 [3 1]
190 [3]
191 [ 3 21]
192 [3]
193 [21]
194 [3]
195 [3]
196 [3]
197 []
198 [3]
199 [6]
200 []
201 [3]
202 [3]
203 [3]
204 [6]
205 [6]
206 []
207 []
208 []
209 []
210 []
211 [3]
212 []
213 [7]
214 []
215 []
216 []
217 []
218 [19]
219 []
220 []
221 []
222 []
223 [19]
224 []
225 [19]
226 [19  6]
227 [6]
228 []
229 [17]
230 [19  6]
231 [17]
232 [6]
233 []
234 [1]
235 [19]
236 [19]
237 []
238 [19]
239 [19]
240 [19 17]
241 []
242 []
