0 [19]
1 [19]
2 [19]
3 [19]
4 [19]
5 [19 19]
6 [19]
7 [19]
8 [19]
9 [19]
10 [19 19]
11 [19]
12 [19]
13 [19]
14 [19]
15 [19]
16 [19 19  3  1]
17 [19 19  3]
18 [ 3 19]
19 [ 3 19]
20 [ 3 19]
21 [ 1  3 17]
22 [3]
23 [3]
24 [ 3 17]
25 [17  1]
26 [1]
27 []
28 []
29 []
30 []
31 []
32 []
33 []
34 []
35 []
36 []
37 []
38 []
39 []
40 []
41 []
42 []
43 []
44 [19]
45 [19 17]
46 [19 19]
47 [19]
48 [19 19 21]
49 [19 21 19]
50 [19]
51 [19]
52 [19]
53 [19]
54 [19]
55 [19]
56 [19]
57 [19]
58 [19]
59 [19]
60 [19]
61 [19]
