0 [19]
1 [19]
2 [19]
3 [19]
4 [19]
5 [19]
6 [19]
7 [19]
8 [19]
9 [19]
10 [19]
11 [19]
12 [19]
13 []
14 [19]
15 [19]
16 [19]
17 [19]
18 []
19 []
20 []
21 [19]
22 [19]
23 []
24 [19]
25 [19]
26 [19]
27 []
28 [19 19]
29 [19 19]
30 [19]
31 [19]
32 [19]
33 [19]
34 [19 19]
35 [19]
36 [19 19]
37 [19  1]
38 [19]
39 [19]
40 []
41 [19 19]
42 [19]
43 [19 19]
44 []
45 [19]
46 [19 19]
47 [19]
48 [19]
49 [19]
50 [19 19]
51 [19 19 19]
52 [19 19 19]
53 [19]
54 [19 19]
55 [19 19]
56 [19]
57 [19]
58 [19 19]
59 [19]
60 [19]
61 [15 19]
62 []
63 []
64 []
