0 []
1 []
2 []
3 []
4 []
5 [1]
6 []
7 []
8 []
9 [1]
10 []
11 []
12 []
13 []
14 []
15 []
16 []
17 []
18 []
19 []
20 []
21 []
22 []
23 []
24 []
25 []
26 []
27 []
28 []
29 [1]
30 [27]
31 []
32 []
33 []
34 []
35 []
36 [1]
37 []
38 []
39 []
40 []
41 []
42 [3]
43 [3]
44 [1]
45 []
46 [9]
47 []
48 []
49 []
50 []
51 []
52 []
53 []
54 []
55 []
56 []
57 []
58 []
59 [15  9]
60 [12]
61 [12]
62 []
63 []
64 []
65 []
66 []
67 []
68 []
69 [3]
70 []
71 []
72 []
73 []
74 []
75 [3]
76 []
77 []
78 []
79 []
80 []
81 []
82 []
83 []
84 [10]
85 []
86 []
87 []
88 []
89 []
90 [1]
91 [6]
92 [6]
93 []
94 []
95 []
96 []
97 []
98 []
99 []
100 [12]
101 [6]
102 [2]
103 []
104 []
105 []
106 []
107 []
108 []
109 []
110 []
111 []
112 []
113 [12]
114 [12]
115 [17]
116 []
117 []
118 []
119 []
120 []
121 []
122 []
123 []
124 []
125 []
126 [ 1 17]
127 []
128 []
129 []
130 []
131 []
