0 []
1 []
2 []
3 []
4 []
5 []
6 []
7 []
8 []
9 []
10 []
11 []
12 []
13 [37]
14 [37]
15 [21  3 37]
16 [ 3 21]
17 [37]
18 [37]
19 [37]
20 [37 38]
21 [2 2]
22 [2 2]
23 [2 2]
24 [2 2]
25 [2 2]
26 [2]
27 [ 2 15  2]
28 [2]
29 [2]
30 [ 2  2 15]
31 [ 2 15]
32 [2]
33 [2]
34 []
35 []
36 []
37 []
38 []
39 []
40 []
41 []
42 [2 7]
43 [2]
44 [7]
45 []
46 [1]
47 []
48 []
49 [15]
50 [15]
51 [15]
52 [15]
53 [15]
54 []
55 []
56 []
57 []
58 []
59 []
60 []
61 []
62 []
63 []
64 []
65 []
66 []
67 []
68 []
69 [3 2]
70 []
71 []
72 [3]
73 []
74 []
75 []
76 []
77 []
78 [1]
79 []
80 []
81 []
82 []
83 [2]
84 [2]
85 []
86 []
87 []
88 []
89 []
90 []
91 []
92 []
93 []
94 [12]
95 []
96 []
97 []
98 []
99 []
100 []
101 []
102 [15]
103 [15]
104 [2]
105 [2]
106 [2]
107 []
108 [15]
109 []
110 []
111 []
112 []
113 []
114 []
115 []
116 []
117 [15]
118 [12]
119 []
120 []
121 []
122 []
123 []
124 []
125 []
126 []
127 []
128 []
129 []
130 []
131 []
132 []
133 []
134 []
135 []
136 []
137 []
138 []
139 []
140 []
141 []
142 []
143 [12]
144 [12]
145 [12]
146 [12]
147 [2]
148 [ 2 15]
149 [2]
150 [2]
151 [2]
152 [ 2 15]
153 [2]
154 [2]
155 [2]
156 [2]
157 [2]
158 []
159 []
160 []
161 []
162 []
163 []
164 []
165 []
166 [12]
167 [12]
168 [12]
169 [12]
170 [12]
171 [12]
172 [12]
173 []
174 []
175 []
176 []
177 []
178 []
179 []
180 []
181 []
182 []
183 []
184 []
185 []
186 []
187 []
188 []
189 []
190 []
191 []
192 []
193 []
194 []
195 []
196 []
197 []
198 []
199 []
200 []
201 []
202 []
203 [1]
204 []
205 [3]
206 []
207 [3]
208 [3]
209 [3]
210 [3]
211 []
212 [15]
213 []
214 []
215 []
216 [2 9]
217 [9]
218 [9]
219 []
220 []
221 []
222 []
223 []
224 []
225 []
226 []
227 [3]
228 []
229 []
230 [15]
231 []
232 [15]
233 [15]
234 []
235 [15  2]
236 [15]
237 []
238 []
239 []
240 []
241 []
242 []
243 []
244 []
245 []
246 []
247 []
248 []
