0 []
1 []
2 []
3 []
4 []
5 []
6 []
7 []
8 []
9 []
10 []
11 []
12 []
13 []
14 []
15 []
16 []
17 []
18 []
19 [19 19 19 19 19]
20 [19 19 19 19 19]
21 [19 19 19 19 19]
22 [19 19 19 19 19]
23 [19 19 19 19 19]
24 [19 19 19 19 19]
25 [19 19 19 19 19]
26 [19 19 19 19 19]
27 [19 19 19]
28 [19 19 19]
29 [19 19 19]
30 [1 1]
31 [1]
32 [1]
33 [1]
34 [ 1 17]
35 [1]
36 [ 1 17]
37 [ 1 17]
38 [19  1]
39 [19  1]
40 [19  1  1]
41 [19  1]
42 [19  1]
43 [19]
44 [19]
45 [19]
46 [19]
47 []
48 []
49 []
50 []
51 []
52 []
53 []
54 []
55 []
56 [19 19 21 13]
57 [19 19 21 13]
58 [19 19 21 26]
59 [3]
60 [19 19 21 26]
61 [19 19 21  3]
62 [19 19 13 21]
63 []
64 []
65 [3]
66 [13]
67 []
68 []
69 []
70 [13]
71 [13]
72 [26 13]
73 [19 19  3]
74 [19 19  3]
75 [19 19 19  3]
76 [19 19 19]
77 [19 19 19 37]
78 [19 19]
79 [19 19 19]
80 [19 19 19]
81 [19 19 19]
82 [19 19 19]
83 [19 19 19]
84 [19 19]
85 [19 19  3]
86 []
87 []
88 []
89 []
90 []
91 []
92 [17]
93 []
94 [19 19]
95 [19 19]
96 [19 19]
97 [19 19]
98 []
99 []
100 [1]
101 [ 1 17]
102 [1]
103 [1]
104 [1]
105 []
106 []
107 []
108 [1]
109 [1]
110 [1]
111 [1]
112 []
113 [3]
114 [3]
115 [3]
116 []
117 []
118 []
119 [3]
120 [3]
121 [1]
122 [1]
123 [1]
124 [1]
125 [1]
126 [1]
127 []
128 [1]
129 [19  1]
130 []
131 [1]
132 [1]
133 [17]
134 [17]
135 [3]
136 []
137 [3]
138 [3]
139 [3]
140 []
141 [1]
142 [1]
143 [1]
144 [1]
145 [19]
146 [19  3]
147 [19  1]
148 [19  3]
149 [19  3]
150 [19]
151 [19 37 26]
152 [19  1  3]
153 [19]
154 [19  3]
155 [19  3 13]
156 [19 26]
157 []
158 []
159 []
160 []
161 [19 13]
162 [19 13]
163 [19 13]
164 []
165 [19]
166 []
167 []
168 []
169 []
170 []
171 []
172 []
173 []
174 []
175 [1]
176 []
177 []
178 []
179 [19 17]
180 [15]
181 [19]
182 [19 19 19]
183 [19 19 19]
184 [19 19 19]
185 [19 19]
186 [19 19]
187 [19 19]
188 [19 19]
189 [19 19]
190 [19 19]
191 [19 19]
192 [19 19]
193 [19 19 19]
194 [19 19]
195 [19 19]
196 [19 19]
197 []
198 []
199 []
200 []
201 []
202 []
203 []
204 []
205 []
206 []
207 []
208 []
209 [3]
210 [3]
211 []
212 [19]
213 [1]
214 [ 3 17]
215 [3]
216 [17]
217 []
218 []
219 []
220 []
221 []
222 []
223 []
224 []
225 []
226 []
227 []
228 []
229 []
230 []
231 []
232 []
233 []
234 []
235 []
236 []
237 []
