0 []
1 [3]
2 [3]
3 [3]
4 []
5 [19]
6 [19]
7 [19]
8 [19]
9 [19  3]
10 [19  3]
11 [19  3]
12 [19  3]
13 [19  3]
14 [19  3]
15 []
16 []
17 []
18 []
19 []
20 [3]
21 [3]
22 [3]
23 [3]
24 []
25 []
26 []
27 []
28 [3]
29 [3]
30 [3]
31 []
32 []
33 [3]
34 [3]
35 [9 3]
36 [3]
37 [3]
38 [3]
39 [3]
40 [3]
41 [3]
42 [ 3 15]
43 [3]
44 [3]
45 [3]
46 [3]
47 [3]
48 [17  3]
49 [ 3 17]
50 [3]
51 [3]
52 [ 3 17]
53 [3]
54 [3]
55 [3]
56 [3]
57 [ 3 19]
58 [3]
59 [19  3]
60 [ 3 19]
61 [ 3 19]
62 [3]
63 [ 3 19]
64 [ 3 19]
65 [3]
66 []
67 []
68 [3]
69 [3]
70 [3]
71 []
72 [3]
73 [3]
74 [3]
75 [3]
76 [3]
77 [3]
78 [3]
79 [3]
80 [3]
81 [3]
82 [3]
83 [3]
84 [3]
85 [3]
86 [3]
87 [3]
88 [3]
89 [3]
90 [3]
91 [3]
92 [3]
93 []
94 []
95 [2 1]
96 []
97 []
98 []
99 [1]
100 []
101 []
102 [2]
103 [2]
104 []
105 []
106 [2]
107 []
108 []
109 []
110 [13]
111 []
112 [19]
113 []
114 []
115 []
116 []
117 []
118 []
119 []
120 []
121 []
122 []
123 []
124 []
125 []
126 []
127 []
128 []
129 []
130 [19 20 18]
131 [18 20]
132 [18 19 20]
133 [19 18 20]
134 [18 19]
135 []
136 [19]
137 [19]
138 [19]
