0 [19  3  4 21]
1 [19  3]
2 [ 3 19]
3 [ 3 19]
4 [19  3]
5 [19 19  4]
6 [19  3 17]
7 [19 19 17]
8 [19]
9 [21]
10 [19 17]
11 [19]
12 []
13 [19  3]
14 [3]
15 [19  3]
16 [19 21 38  3]
17 [19  3]
18 [19 19  3]
19 [ 3 38 19 19]
20 [ 3 38 19]
21 [3]
22 [ 3 38]
23 [19  3]
24 [21  3]
25 [3]
26 [3]
27 [3]
28 [3]
29 [21 21 21]
30 [19 19]
31 [21]
32 [21]
33 [21]
34 [3]
35 []
36 [3]
37 [ 3 26]
38 [3]
39 [ 3 19]
40 [19  3]
41 [3]
42 [ 3 17]
43 [19 28 17]
44 []
45 []
46 [17]
47 [17]
48 []
49 []
50 [3]
51 [ 3 12]
52 [3]
53 [3]
54 [11  3]
55 [3]
56 [38  3]
57 [3]
58 [38  3]
59 [ 3 38]
60 [ 3 19 21 17]
61 [ 3 38 19 17]
62 [ 3 38 19]
63 [17]
64 [19  3]
65 [19]
66 [19 37 17]
67 [19]
68 [19 38 17]
69 [17  3]
70 []
71 [19  3 17]
72 [ 3 17 17]
73 [38 19]
74 [28 17 17 19]
75 []
76 [17  3]
77 [38  3 17]
78 [ 3 19]
79 [3]
80 []
81 [38  3]
82 [3]
83 [3]
84 [3]
85 [38]
86 [ 3 21]
87 [3]
88 [ 3 17 38]
89 [ 3 17]
90 [28  3 17]
91 [ 3 19 17]
92 [ 3 21 17]
93 [ 3 17]
94 [38  3 17]
95 [ 3 37 19 37]
96 [ 3 28 17]
97 [ 3 37 28 17]
98 [ 3 17]
99 [38  3 17]
100 [ 3 19 17]
101 [38  3 28]
102 [19  3 17 37]
103 [19  3]
104 [ 3 17]
105 [ 3 38 17]
106 [ 3 17]
107 [ 3 17]
108 [19  3  4 17]
109 [19  3 17]
110 [19  3 17]
111 [ 3 17]
112 [38 19  3 17]
113 [19  3 17]
114 [3]
115 [ 3 37]
116 [ 3 19 37 17]
117 [ 3 19 37  1]
118 [ 3 17 37  4]
119 [ 3 19 17]
120 [19  3  4 17]
121 [3]
122 [ 3 19]
123 [ 3 17]
124 [ 3 38]
125 [ 3 17]
126 [37 37  4]
127 [17]
128 [19 37 17]
129 [26]
130 []
131 []
132 []
133 []
134 []
135 []
136 []
137 []
