0 []
1 []
2 []
3 []
4 [1]
5 [1]
6 [1]
7 []
8 [1]
9 []
10 []
11 []
12 []
13 []
14 []
15 []
16 []
17 []
18 []
19 []
20 []
21 []
22 []
23 []
24 []
25 []
26 []
27 []
28 []
29 []
30 []
31 []
32 []
33 []
34 []
35 []
36 []
37 []
38 []
39 []
40 []
41 [2]
42 [2]
43 [2]
44 []
45 []
46 []
47 []
48 []
49 []
50 []
51 [2]
52 []
53 []
54 []
55 []
56 [2]
57 []
58 [2]
59 [2]
60 []
61 [2]
62 [2]
63 []
64 []
65 []
66 []
67 []
68 []
69 []
70 [19]
71 [9 1]
72 []
73 [1 9]
74 []
75 []
76 [19]
77 [1]
78 []
79 [9]
80 []
81 []
82 [15]
83 [19]
84 [1]
85 []
86 []
87 []
88 []
89 []
90 []
91 []
92 []
93 []
94 []
95 [19]
96 []
97 [1]
98 [19]
99 [19]
100 []
101 []
102 [15  1]
103 [1]
104 []
105 []
106 []
107 []
108 [1]
109 [1]
110 [1]
111 []
112 [1]
113 []
114 []
115 []
116 []
117 []
118 []
119 [1]
120 []
121 []
122 []
123 []
124 [1]
125 [1]
126 []
127 [1]
128 []
129 []
130 [1]
131 [1]
132 [1]
133 [1]
134 [1]
135 [1]
136 []
137 [12  3]
138 [12]
139 []
140 []
141 []
142 [12]
143 [12]
144 [12]
145 [12]
146 []
147 []
148 []
