0 []
1 []
2 []
3 []
4 []
5 []
6 []
7 []
8 [9]
9 [19]
10 [12 19  9]
11 [12]
12 []
13 [9]
14 [9]
15 [9]
16 [19]
17 [19]
18 [15  9]
19 []
20 []
21 [13]
22 []
23 [3]
24 [3]
25 [3]
26 [3]
27 []
28 []
29 []
30 []
31 []
32 []
33 []
34 []
35 []
36 [1 1]
37 [ 1 15]
38 [1 1]
39 [1]
40 [1]
41 []
42 [17  1]
43 []
44 [19]
45 [9]
46 []
47 [17]
48 [17]
49 [17]
50 [17]
51 [17]
52 [17]
53 [17]
54 [2]
55 [2]
56 [2]
57 [2]
58 [2]
59 [2]
60 [2]
61 [2]
62 [2]
63 [2]
64 [2]
65 [2]
66 [2]
67 [2]
68 [2]
69 [2]
70 [15 17]
71 []
72 [3]
73 [3]
74 [3]
75 []
76 []
77 []
78 []
79 [3]
80 [3]
81 []
82 [3]
83 [3]
84 []
85 []
86 []
87 [3]
88 [3]
89 [3]
90 [3]
91 [3]
92 [3]
93 [3]
94 []
95 [19]
96 [ 1 17]
97 [19 19]
98 [19  1]
99 [19 19  1]
100 [19]
101 [19]
102 []
103 []
104 []
105 []
106 []
107 []
108 []
109 []
110 []
111 [21]
112 []
113 []
114 []
115 []
116 []
117 []
118 []
119 []
120 [2]
121 []
122 []
123 [19]
124 [19]
125 [1]
126 []
127 [1]
128 []
129 [19]
130 [17 17]
131 []
132 [19]
133 [ 1 19]
134 []
135 [1]
136 [19]
137 [19]
138 [19]
139 []
140 [19]
141 []
142 []
143 []
144 []
145 [17]
146 [17]
147 [17  1]
148 []
149 [2]
150 [2]
151 []
152 []
153 []
154 [17  1  9]
155 [17 15  1]
156 [17 19]
157 [ 1 19]
158 [ 1 19  2]
159 [19 17 15  1]
160 [17]
161 [17]
162 []
163 []
164 [2]
165 []
166 []
167 []
168 []
169 []
170 []
171 []
172 []
173 []
174 []
175 []
176 []
177 []
178 []
179 []
180 [1]
181 [27]
182 [1]
183 [27]
184 []
185 []
186 []
187 []
188 [19]
189 [19]
190 [19]
191 [12 19]
192 [12 19]
193 [12 19]
194 [19]
195 [31 31 31 31 19 31]
196 [19]
197 []
198 [9]
199 [9]
200 []
201 []
202 []
203 []
204 []
205 [19  9]
206 [17  9 19]
207 [17  9]
208 [17 19 34]
209 [19 19 17]
210 [19 19 17]
211 [3]
212 [3]
213 [3]
214 []
215 [19  9]
216 [12]
217 [12]
218 [9]
219 []
220 []
221 []
222 []
223 []
224 []
225 []
226 []
227 []
228 []
229 []
230 []
231 []
232 []
233 [12 19  9]
234 [9]
235 []
236 [9]
237 []
238 []
239 []
240 []
241 [ 9 19]
242 []
243 []
244 []
245 []
246 []
