0 []
1 [19  3]
2 [19  3]
3 [19  3]
4 [19  3]
5 [3]
6 [3]
7 [3]
8 [3]
9 [ 3 19]
10 [19  3]
11 []
12 [15]
13 [19  3]
14 [3]
15 [3]
16 [ 3 19 19]
17 [ 3 19]
18 [ 3 19]
19 [ 3 19 19]
20 [3]
21 [ 3 19]
22 [ 3 19]
23 [ 3 19]
24 [ 3 19]
25 [19]
26 [19 19  1]
27 [ 1 19]
28 [1]
29 [1]
30 [19 19  3 11 17]
31 [19  3 19  1 18]
32 [19  1  3 11  2  1 18 34]
33 [19  3  2  1]
34 [19 19  3  2  1]
35 [19 19  3  2]
36 [19  3 19  2]
37 [19  3  2]
38 [2 3]
39 [2]
40 []
41 [3]
42 [3]
43 [3]
44 [1]
45 []
46 []
47 [3]
48 [3]
49 [3]
50 [3 2]
51 []
52 []
53 []
54 [19]
55 [19]
56 [19  3]
57 [19  3]
58 []
59 []
60 []
61 []
62 []
63 []
64 [3]
65 [3]
66 [3]
67 [3]
68 [ 2 19]
69 []
70 []
71 [3]
72 [3]
73 []
74 []
75 []
76 [ 3 14]
77 []
78 [1]
79 [3]
80 [3]
81 [19]
82 []
83 []
84 []
85 [3]
86 []
87 []
88 []
89 []
90 []
91 []
92 []
93 [ 3 19]
94 [3]
95 [19  3]
96 [ 3 19  1]
97 [19  3  1]
98 [3 1]
99 [ 3 19]
100 [ 3 19]
101 [ 3 19]
102 [ 3 19  1]
103 [ 3 19]
104 [ 3 19]
105 [19 13  3]
106 [19  3]
107 [19]
108 [19  3]
109 [19  3 19]
110 [19  3 13 19  2]
111 [19  3 13]
112 [19  3 13 19]
113 [19  3 13 19]
114 [19  3 13 19]
115 [19 19]
116 []
117 [3]
118 []
119 []
120 [2]
121 []
122 []
123 [3]
124 []
125 []
126 []
127 []
128 []
129 [15]
130 [15]
131 []
132 []
133 []
134 [15]
135 [15]
136 []
137 [15]
138 [15]
139 [15]
140 [15]
141 [15]
142 [15]
143 []
144 [ 2 15]
145 [2]
146 [2]
147 []
148 [15]
149 [15]
150 [15]
151 [15]
152 [15]
153 [ 1 15]
154 []
155 []
156 []
157 []
158 []
159 [2]
160 [19]
161 [19  1]
162 [ 2 19]
163 [ 2 19]
164 [19  1]
165 [19 19]
166 [19]
167 [19]
168 [2]
169 []
170 [ 2 17 19]
171 [19]
172 [15 17]
173 [19  2]
174 [2]
175 [19]
176 [2]
177 [19]
178 [2]
179 [19]
180 [3]
181 [3]
182 [3]
183 [3]
184 [3]
185 [3]
186 [3]
187 [3]
188 [3]
189 [3]
190 [3]
191 [3]
192 [3]
193 [3]
194 [3]
195 [1]
196 [1]
197 [1]
198 [1 2]
199 [2]
200 [1]
201 [1 2]
202 [2]
203 []
204 []
205 [3]
206 [ 3 19]
207 [ 3 21]
208 [3]
209 [3]
210 [ 3 19]
211 [3]
212 [3]
213 [3]
214 [3]
215 [3 2]
216 [ 3  1  2 15]
217 [ 3 19  1]
218 [3 1]
219 [3]
220 [3]
221 [ 3 19  1]
222 [19]
223 [19]
224 [19]
225 [19]
226 [19]
227 [19]
228 [19]
229 [19]
230 [19]
231 [19]
232 [19]
233 [19  3]
234 [19  3]
235 [19]
236 [19  3]
