0 [19 19]
1 [19 19]
2 [19 19]
3 [19 19 38]
4 [19 19 19 38]
5 [19 19 19 38]
6 [19 19 38]
7 [19 19 38]
8 [19 19 19]
9 [19 19 38]
10 [19 19 38 19]
11 [19 19 19 38 19]
12 [19 19]
13 [19 19 19 38]
14 [19 19]
15 [19 19 19 38]
16 [19 19 19]
17 [19 19]
18 [19 19 19 38]
19 [19 19 38]
20 [19 19 38]
21 [19 19 19 38]
22 [19 19 38]
23 [19 19 38]
24 [19 19 38]
25 [19 19 38]
26 [19 19 38]
27 [19 19 38]
28 [19 19 18]
29 [19 19]
30 [19 19 38 15]
31 [19 19 38]
32 [19 19 38 19]
33 [19 19 38]
34 [19 19 38]
35 [19 19 19 38]
36 [19 19 19 38]
37 [19 19 38 19]
38 [19 19 38]
39 [19 19 38]
40 [19 19 19 38]
41 [19 19 19 38]
42 [19 19 38]
43 [19 19 38]
44 [19 19 38]
45 [19 19 38]
46 [19 19 38]
47 [19 19 38]
48 [19 19 38]
49 [19 19 38]
50 [19 19 38]
51 [19 19 38]
52 [19 19 38 19]
53 [19 19 38]
54 [19 19 38]
55 [19 19 38 37 26]
56 [19 19 38]
57 [19 19 38]
58 [19 19 38]
59 [19 19 38]
60 [19 19 38]
61 [19 19 38]
62 [19 19 38]
63 [19 19 38]
64 [19 19 38]
65 [19 19 38]
66 [19 19 38]
67 [19 19 38]
68 [19 19 38]
69 [19 19 38]
70 [19 19 38]
71 [19 19 19 38]
72 [19 19]
73 [19 19 19 38]
74 [19 19 38]
75 [19 19 38]
76 [19 19 38]
77 [19 19 38]
78 [19 38 19]
79 [19 38 19]
80 [19 38]
81 [19 19 38]
82 [19 19 38]
83 [19 19 38]
84 [19 19 19 38]
85 [19 19 19 38]
86 [19 19 19 38]
87 [19 19 38]
88 [19 19 38 19]
89 [19 19 38  1]
90 [19 19 38]
91 [19 19 38 19]
92 [19 19 38 19]
93 [19 19 38]
94 [19 19 38]
95 [19 19 19 38]
96 [19 19 38]
97 [19 19 19 38]
98 [19 19 38 19]
99 [19 19 19 38]
100 [19 19 38 19]
101 [19 19 19 38]
102 [19 19 19]
103 [19 38 19]
104 [19 19 38]
105 [19 19 19 38]
106 [19 19]
107 [19 19 19]
108 [19 19 38]
109 [19 19 38]
110 [19 19 38]
111 [19 19 38 19]
112 [19 19 19 38]
113 [19 19 38]
114 [19 19 19 38]
115 [19 19 19]
116 [19 19 19]
117 [19 19 38 19]
118 [19 19 19]
119 [19 19]
120 [19 19 19]
121 [19 19]
122 [19 19 19]
123 [19 19]
124 [19 19]
125 [19 19]
126 [19 19]
127 [19 19]
128 [19 19]
129 [19 19]
130 [19 19]
131 [19 19 19]
132 [19 19 19]
133 [19 19 19]
134 [19 19 19 19]
135 [19 19 38]
136 [19 19 38]
137 [19 19 19 38]
138 [19 19 19 38]
139 [19 38]
140 [19 19 38 19]
141 [19 19 38]
142 [19 19 38]
143 [19 19 38 19]
144 [19 19 38]
145 [19 19 19]
146 [19 19 38]
147 [19 19 19 38]
148 [19 19 38]
149 [19 19 38]
150 [19 19 19]
151 [19 19 38]
152 [19 19 19 38]
153 [19 19 19 38]
154 [19 19 19]
155 [19 19 38]
156 [19 19 38]
157 [19 19 19 38]
158 [19 19 15]
159 [19 19 19 38]
160 [19 19 38]
161 [19 19 19]
162 [19 19 38 19 19]
163 [19 19 19 38]
164 [19 19 19]
165 [19 19 19]
166 [19 19 38 21 19]
167 [19 19 19]
168 [19 19 19 38]
169 [19 19 19 38]
170 [19 19 38]
171 [19 19 38]
172 [19 19 19 38]
173 [19 19 19 38]
174 [19 19 38  2]
175 [19 38 19]
176 [19 19 38]
177 [19 19 38]
178 [19 19 19]
179 [19 19 38 19]
180 [19 38 19]
181 [19 19 19 19 38]
182 [19 19 38 19]
183 [19 19 38]
184 [19 19]
185 [19 19 38]
186 [19 19]
187 [19 19 38 19 19]
188 [19 19 38]
189 [19 19 38 19]
190 [19 19 19 19 38]
191 [19 19 19]
192 [19 19 19 38]
193 [19 19 38  1]
194 [19 19]
195 [19 19]
196 [19 19 19]
197 [19 19]
198 [19 19 38]
199 [19 19 19]
200 [38]
201 [38]
202 [38]
203 [38]
204 [38]
205 [38]
206 []
207 []
208 []
209 []
210 []
211 []
212 []
