0 []
1 []
2 []
3 []
4 []
5 []
6 []
7 [5]
8 [19]
9 [19]
10 [19]
11 [19]
12 [19  3]
13 [19  3]
14 [19]
15 []
16 []
17 []
18 []
19 []
20 []
21 []
22 []
23 []
24 []
25 []
26 []
27 []
28 []
29 []
30 [19  4]
31 [1]
32 [1]
33 [1]
34 [4]
35 [38]
36 [38]
37 [19]
38 [19]
39 [19]
40 [19 13]
41 [19]
42 [19]
43 [19]
44 [19]
45 [19]
46 [19]
47 [19]
48 [19]
49 [19]
50 [19]
51 [38]
52 []
53 []
54 [38]
55 [38]
56 [38 38]
57 [38]
58 [38]
59 [38]
60 [38]
61 [38]
62 [38]
63 [38]
64 [38]
65 [38]
66 [38]
67 [38]
68 [38]
69 [38]
70 [19]
71 [19]
72 [19  4]
73 [19]
74 [19]
75 [38]
76 [38]
77 [38]
78 [38]
79 []
80 []
81 []
82 []
83 []
84 []
85 [38]
86 [19 38]
87 [19]
88 [38 19]
89 [38 19]
90 [38]
91 [38 38]
92 [38]
93 [38]
94 [38 38 19]
