0 []
1 []
2 []
3 []
4 []
5 [19]
6 [19]
7 [19]
8 [19]
9 [19]
10 [19]
11 [19]
12 [19]
13 [19]
14 [19]
15 [19]
16 [19]
17 [19]
18 [19]
19 [19]
20 [19]
21 [19]
22 [19]
23 [19]
24 [19]
25 [19]
26 [19]
27 [19]
28 [19]
29 [19]
30 [19]
31 [19]
32 [19]
33 [19]
34 [19]
35 [19]
36 [19]
37 [19]
38 [19]
39 [19]
40 [19]
41 [19]
42 [19]
43 [19]
44 [19]
45 [19]
46 [19]
47 [19]
48 [19]
49 [19]
50 [19]
51 [19]
52 [19]
53 [19]
54 [19]
55 [19]
56 [19]
57 [19]
58 [19]
59 [19]
60 [19]
61 [19]
62 [19]
63 [19]
64 [19]
65 [19]
66 [19]
67 [19]
68 [19]
69 [19]
70 [19]
71 [19]
72 [19]
73 [19]
74 [19]
75 [19]
76 []
77 []
78 []
79 []
80 [19]
81 [19]
82 [19]
83 [19]
84 []
85 [ 7 19]
86 [7]
87 [19]
88 [7]
89 [7]
90 []
91 [19]
92 [19  7]
93 [ 7 18]
94 []
95 [8]
96 [9]
97 [7 9 8]
98 [8]
99 []
100 [8]
101 [7]
102 [8 7]
103 [8]
104 [9 9]
105 [9]
106 []
107 [9]
108 []
109 [9]
110 []
111 [4]
112 [9]
113 [9 4 8]
114 [4 9]
115 [9]
116 []
117 []
118 []
119 [4 8]
120 [ 8 19  7]
121 [19  8]
122 [19]
123 [8 7]
124 [9]
125 [9]
126 [9 8]
127 [8]
128 [21  8  9]
129 [9 8]
130 [9]
131 [4]
132 [4]
133 [8 7]
134 [8]
135 [8]
136 []
137 []
138 [4]
139 [4]
140 []
141 []
142 []
143 [4]
144 [4]
145 [19  9]
146 [7]
147 [8]
148 [ 4  1 18]
149 [18  1]
150 [18]
151 [18 19]
152 [18 19]
153 []
154 [19]
155 [19]
156 [19  9  1]
157 [19]
158 [19]
159 [19]
160 [19]
161 [9 7 4]
162 []
163 [9 4]
164 [4 9 9]
165 [9]
166 [9 9]
167 [9]
168 [9]
169 [9]
170 [9]
171 [9]
172 []
173 [8]
174 [9]
175 [9]
176 [ 9 19]
177 [9]
178 [7 9]
179 [19]
180 []
181 []
182 [19]
183 [19]
184 []
185 []
186 []
187 [7]
188 [7]
189 [7]
190 [8]
191 []
192 []
193 []
194 []
195 []
196 []
197 [9 4]
198 [9]
199 [19]
200 [19]
201 []
202 []
203 [19]
204 [19]
205 [19]
206 [19]
207 [19]
208 [19]
209 [19]
210 [19]
211 [19]
212 [19]
213 [19]
214 [19]
215 [19]
216 [19]
217 [19]
218 [19]
219 [19]
220 [19]
221 [19]
222 [19]
223 [19]
224 [19]
225 []
226 [19]
227 [19]
228 [38 19]
229 [19]
230 [19]
231 [19]
232 [19 38]
233 [19]
234 [19]
235 [19]
236 [19]
237 [19]
238 [19]
239 [19 38]
240 [19]
241 [19]
242 [19]
243 [19]
244 [19]
245 [19]
246 [19]
247 [19]
248 [19]
249 [19]
250 [19]
251 [19]
252 [19]
253 [19]
254 [19]
255 [19]
256 [19]
257 [19]
258 [19]
259 [19]
260 []
261 []
262 []
263 []
264 [12]
265 []
266 []
267 []
268 []
