0 []
1 []
2 []
3 []
4 []
5 []
6 []
7 []
8 []
9 [19]
10 []
11 [19]
12 []
13 [19]
14 [19]
15 [19]
16 [19]
17 [19]
18 [19]
19 []
20 [19]
21 [19]
22 [19]
23 [19]
24 [19]
25 [19]
26 []
27 [19]
28 [19]
29 []
30 [19]
31 []
32 []
33 [19]
34 [19]
35 [19]
36 [19]
37 [19]
38 [19]
39 [19]
40 [19]
41 [19]
42 [19]
43 [19]
44 [19]
45 [19]
46 [19]
47 [19]
48 [19]
49 []
50 [19]
51 [19]
52 [19]
53 []
54 [19]
55 [19]
56 [19]
57 [19]
58 [19]
59 [19]
60 [19]
61 [19]
62 [ 8 19]
63 [19]
64 []
65 []
66 [ 4 19]
67 [19]
68 [19]
69 [19]
70 [19]
71 [19]
72 []
73 [19]
74 []
75 [19]
76 [19]
77 [19]
78 [19]
79 []
80 []
81 []
82 []
83 []
84 []
85 []
86 []
87 []
88 []
89 []
90 []
91 []
92 []
93 []
94 []
95 []
96 []
97 []
98 []
99 []
100 []
101 []
102 []
103 []
104 []
105 []
106 []
107 []
108 []
109 []
110 []
111 []
112 []
113 []
114 []
115 []
116 []
117 []
118 []
119 []
120 []
121 []
122 []
123 []
124 [19]
125 [19]
126 [19]
127 [19]
128 [19]
129 [19]
130 [19]
131 [19]
132 [19]
133 [19]
134 [19]
135 [19]
136 [19]
137 [19]
138 [19]
139 [19]
140 [19]
141 [19  9]
142 [19]
143 [19]
144 [19]
145 [19]
146 [19]
147 [19]
148 [19]
149 [19]
150 [19]
151 [19]
152 [19]
153 [19]
154 [19]
155 [19  4  1]
156 [19]
157 [19]
158 [19]
159 [19]
160 [ 4 19]
161 [19]
162 [19  4]
163 [19]
164 [19]
165 [19]
166 [19]
167 [19]
168 [19]
169 [19  4]
170 [19]
171 [19 15]
172 [19 18]
173 [19 18  7]
174 [19  7  4]
175 [19  4]
176 [10]
177 [19 14]
178 []
179 [14 10]
180 [14 19 10]
181 []
182 []
183 []
184 []
185 []
186 []
187 []
