0 [26]
1 [26]
2 [26]
3 [19 26 32 38 10]
4 [19 26]
5 [26 19]
6 [26]
7 [19 26]
8 [26 38 19 10]
9 [26 38]
10 [26]
11 [26 38]
12 [26 38 38]
13 [26 38]
14 [19 26  4]
15 [26]
16 [26 38]
17 [26 19 38]
18 [19 26 10]
19 [19 26 38 38]
20 [19 26 38 10]
21 [26 19 38 10]
22 [19 26 38 10]
23 [26 19]
24 [19 26 38 10]
25 [19 26]
26 [26 19 38 10 14]
27 [19 26 14]
28 [26 19 14]
29 [26 10 14]
30 [26 19 10]
31 [26 38 19]
32 [26]
33 [10 19]
34 [19 26 38 10]
35 [26 19 38 38 10]
36 [26 19 38 10]
37 [19 26 38]
38 [19 26 19 10]
39 [26]
40 [26 10]
41 [26 19 10]
42 [19 26 19]
43 [26 19]
44 [26]
45 [26 19]
46 [26 19 19]
47 [26 19 19]
48 [26 19]
49 [26 19]
50 [26 19 19]
51 [26 19]
52 [26 19]
53 [19 26 37 19]
54 [26 19 19]
55 [19 26]
56 [26 19 22 19]
57 [26 19 22]
58 [19 26 28 19]
59 [26 19 38 19]
60 [26 19 38 19]
61 [26 38]
62 [26 38]
63 [26 38 38]
64 [26 19 38 38]
65 [19 26 38]
66 [26 38 38]
67 [26 19 38]
68 [26 19]
69 [26 38]
70 [26 38 19]
71 [26 19 38 38]
72 [19 26 38 38]
73 [26 19]
74 [26 38]
75 [19 38]
76 [26 19]
77 [26 19]
78 [26 19 19]
79 [26 19 19]
80 [26 19 19]
81 [19 26 19]
82 [19 26]
83 [26 19 19]
84 [26 19]
85 [26 19]
