0 [17]
1 []
2 []
3 []
4 []
5 [19]
6 [4 9]
7 [19]
8 [19]
9 [19]
10 [19]
11 [19]
12 [19]
13 [19]
14 [19]
15 [19]
16 [4 9]
17 []
18 [9]
19 [4 9]
20 []
21 [19]
22 []
23 []
24 [19  1 15]
25 [4]
26 [15]
27 []
28 [ 1 17]
29 [8]
30 [4 7 1 8]
31 [1 4]
32 [7 4]
33 [19  1 17]
34 [19]
35 [19]
36 [19]
37 [19]
38 [19]
39 [19]
40 [19]
41 [19]
42 [19]
43 [19]
44 [19]
45 [19]
46 [19]
47 [19]
48 [19]
49 [19]
50 [19]
51 [19]
52 [19]
53 [19]
54 [19]
55 [19]
56 [19]
57 [19]
58 [19]
59 [19]
60 [19]
61 [19]
62 [19]
63 [19]
64 [19]
65 [19]
66 [19]
67 [19]
68 [19]
69 [19]
70 [19]
71 [19]
72 [19]
73 [19]
74 [19]
75 [19]
76 [19]
77 [19]
78 [19]
79 [19]
80 [19]
81 [19]
82 [19]
83 [19]
84 [19]
85 [19]
86 [19]
87 [19]
88 [15]
89 []
90 []
91 []
92 [19]
93 [19]
94 [19]
95 []
96 [1]
97 []
98 []
99 []
100 []
101 [1]
102 []
103 []
104 [19]
105 [19]
106 [19]
107 [19]
108 [19]
109 [19]
110 [19]
111 [19]
112 [19]
113 [19]
114 [19]
115 []
116 []
117 []
118 []
119 [19]
120 [19]
121 [19]
122 [19]
123 [19]
124 [19]
125 [19]
126 [19]
127 [19]
128 [19]
129 [19]
130 [19]
131 [19  1]
132 [19  1]
133 [19  1 19]
134 [19]
135 [19  1]
136 [19]
137 [19]
138 [19]
139 [19]
140 [19]
141 [19]
142 [19]
143 [19]
144 [19  4]
145 [19]
146 [19]
147 [19  4]
148 [19]
149 [19]
150 [19]
151 [19]
152 [19]
153 [8]
154 [8]
155 [8]
156 [19]
157 [19]
158 [19]
159 [19]
160 []
161 []
162 []
163 [38]
164 []
165 []
166 []
167 []
168 []
169 [19]
170 [19]
171 [19]
172 [19]
173 [19]
174 [19]
175 [19]
176 [19]
177 [19]
178 [19]
179 [19]
180 [19]
181 [19]
182 [19]
183 [19]
184 [19]
185 [19]
186 [19]
187 []
188 []
