0 []
1 [19  4]
2 [4]
3 [4]
4 [4]
5 [4]
6 [4]
7 [4]
8 [4]
9 [4]
10 [4]
11 [4]
12 [4]
13 []
14 [4]
15 [19]
16 []
17 [19]
18 [19]
19 [9]
20 [4 4]
21 [4]
22 [8]
23 [19]
24 [19]
25 []
26 [4]
27 []
28 [4]
29 [4]
30 [4]
31 [4]
32 []
33 []
34 []
35 []
36 []
37 [4]
38 [4]
39 [4]
40 [4]
41 [4]
42 []
43 []
44 [4]
45 []
46 [4]
47 [4]
48 [4]
49 []
50 [4 4]
51 [4]
52 []
53 [8]
54 [19]
55 [19]
56 []
57 [19]
58 []
59 [12]
60 []
61 [4]
62 [4]
63 [4]
64 [4 7]
65 [4]
66 []
67 [4 7]
68 [4 7]
69 [4]
70 [4]
71 [4]
72 [4]
73 [4]
74 [4]
75 [4]
76 [4]
77 [4]
78 [4]
79 [4]
80 [4]
81 [4]
82 [7 4]
83 [4 7]
84 [4]
85 [4]
86 [4]
87 [4]
88 [4]
89 [4]
90 [19]
91 []
92 []
93 []
94 []
95 []
96 [7 4]
97 []
98 [4 9]
99 [4]
100 []
101 [4]
102 [4]
103 [4]
104 []
105 []
106 []
107 []
108 []
109 []
110 []
111 []
112 []
113 []
114 []
115 []
116 []
117 []
118 [4]
119 []
120 []
121 []
122 []
123 []
124 []
125 []
