0 [19 38]
1 [19]
2 [19]
3 [19]
4 [19]
5 [19  7  9]
6 [19 19]
7 [19  9]
8 [19  9]
9 [19]
10 [19]
11 [19]
12 [19]
13 [19]
14 [19]
15 [19]
16 [19]
17 [19]
18 []
19 [19]
20 [19]
21 [19]
22 [19]
23 [19]
24 [19]
25 []
26 [19]
27 [19]
28 [19]
29 []
30 []
31 []
32 []
33 []
34 []
35 [19]
36 [19]
37 []
38 []
39 []
40 [7]
41 [19]
42 [19  4  7]
43 [19]
44 [4]
45 [19]
46 [19]
47 [19]
48 [19]
49 [9]
50 [19]
51 [19]
52 [19]
53 [19]
54 []
55 [19]
56 [19]
57 [19]
58 [19]
59 [19]
60 [19]
61 []
62 []
63 []
64 [19]
65 []
66 []
67 [19  7  8]
68 [19]
69 [4]
70 [4]
71 [19 32  9]
72 [19]
73 []
74 []
75 [19]
