0 [19]
1 [19]
2 [19 18]
3 [19]
4 [19 37]
5 [19 18]
6 [19 18 38]
7 [19]
8 [19 18]
9 [19]
10 [19]
11 [19]
12 [19]
13 [19]
14 [19]
15 [19]
16 [19]
17 [19]
18 [19]
19 [19]
20 []
21 []
22 []
23 []
24 [14]
25 []
26 [14]
27 [19]
28 [19]
29 [19  2]
30 [19 19 15]
31 [19 15]
32 [19 15]
33 [19 15]
34 [19  6 15]
35 [19]
36 [19]
37 [19]
38 [19 19]
39 [19 15]
40 [19 15]
41 [19 15]
42 [19 15]
43 [19 15]
44 [19 38 15]
45 [19 19 15]
46 [19 19 19 21 38]
47 [19]
48 [19  2 38]
49 [19]
50 [19]
51 [19]
52 [19]
53 [19]
54 [19 37]
55 [19 37]
56 [19 37]
57 [19]
58 [19 18]
59 [19]
60 [19 37]
61 [19 37 18  4]
62 [19  4 18]
63 [19 37 18]
64 [19 18]
65 [19 18 37]
66 [19 37 18]
67 [19 18]
68 [19 18]
69 [19 37]
70 [19 37]
71 [19 37  4]
72 [19]
73 [19]
74 [19]
75 [19]
76 [19]
77 [19  2]
78 [19  2 18]
79 [19]
80 [19]
81 [19]
82 []
83 []
84 []
85 []
86 []
87 []
88 []
89 []
90 []
91 []
92 []
93 []
94 []
95 []
96 []
97 []
98 []
99 []
100 []
101 []
102 []
103 [19]
104 [19]
105 [19]
106 [19]
107 []
108 []
109 []
110 []
111 []
112 []
113 []
114 []
115 []
116 []
117 []
118 []
119 []
120 [19 12]
121 []
122 []
123 []
124 [ 5 16]
125 [5]
126 []
127 [19]
128 []
129 []
130 [10]
131 [ 6 11]
132 []
133 []
134 [19]
135 [19 10]
136 [10 19]
137 [10]
138 []
139 [10]
140 [10]
141 []
142 [9]
143 []
144 []
145 [19]
146 [19]
147 []
148 []
149 [19]
150 [19]
151 [19]
152 [19]
153 [19 10]
154 [19]
155 []
156 []
157 []
158 []
159 []
160 [19]
161 [19]
162 [19]
163 [19]
164 [19]
165 [19]
166 [19]
167 []
168 [19]
169 [ 9 19]
170 [19]
171 [27]
172 []
173 []
174 []
175 []
176 []
177 []
