0 []
1 []
2 [19 19 19 26]
3 [19 19 19 19]
4 [19]
5 [19]
6 [19]
7 [19]
8 []
9 []
10 [19]
11 [19]
12 [19]
13 [19]
14 []
15 []
16 []
17 [19]
18 [19]
19 [19]
20 []
21 []
22 []
23 []
24 []
25 []
26 []
27 []
28 [19  9]
29 [19]
30 [19]
31 [19]
32 [19]
33 [19]
34 [19]
35 [19]
36 [19]
37 [19]
38 [19]
39 []
40 []
41 [19]
42 []
43 []
44 [19 26]
45 [19 21  9]
46 [7]
47 []
48 []
49 [19]
50 [19]
51 []
52 []
53 [7]
54 []
55 [19]
56 [19]
57 []
58 []
59 []
60 []
61 []
62 []
63 []
64 []
65 []
66 [37 37 26 26]
67 [19 37 38]
68 [37 37  9]
69 [38]
70 []
71 [19 19]
72 [19]
73 [19 37 21 26]
74 [19]
75 [19]
76 [19]
77 [19 21 19  6]
78 [19  6]
79 [ 2 15]
80 [2]
81 [19]
82 [19]
83 [19]
84 [19]
85 [18 19]
86 []
87 []
88 []
89 []
90 []
91 [19 37 26]
92 [19 19 21]
93 []
94 []
95 []
96 []
97 []
98 [19]
99 [19 21]
100 [6]
101 [19]
102 [19  6]
103 [19]
104 [19]
105 []
106 []
107 []
108 [2]
109 [2]
110 [2]
111 [2 1]
112 [2]
113 [1]
114 []
115 []
116 []
117 [19  4]
118 []
119 [16]
120 []
121 []
122 [19 38 37 26 21 37]
123 [19 38 26 38 37 26 37]
124 [19 38 37 38 37 38 26]
125 [8]
126 [8]
127 [8]
128 [8]
129 [19]
130 [19]
131 [19]
132 [21]
133 []
134 []
135 []
136 []
137 []
138 []
139 []
140 []
141 [37 21]
142 []
143 []
144 [38]
