0 []
1 []
2 []
3 []
4 []
5 []
6 []
7 []
8 []
9 []
10 []
11 []
12 []
13 []
14 []
15 []
16 []
17 []
18 []
19 []
20 []
21 []
22 []
23 []
24 []
25 []
26 []
27 []
28 []
29 []
30 []
31 []
32 []
33 [19 19 19]
34 [19 19 19]
35 [19 19 19]
36 []
37 []
38 []
39 []
40 []
41 []
42 [19 19 19]
43 [19 19  6]
44 [19 19 19]
45 [19 19 26]
46 [19 19  4 26 26]
47 [19]
48 [19 19 19 37]
49 [19 19 26]
50 [19 19]
51 [19 19 17  4]
52 [19 19 19]
53 [19]
54 [19  4]
55 [19 19 19  4  9]
56 [19 19 37]
57 [19 19 37]
58 [19 19]
59 [19 19]
60 [19 19 19]
61 [19  4 17  9]
62 [19]
63 [19 19 19]
64 [19 19 21  4]
65 [19 19 19]
66 [19 26]
67 [19  4 19]
68 [19 19 26  4 25]
69 [19 19 19]
70 [19 10]
71 [19 19 19]
72 [19 19 19 21]
73 [19 19  4 21]
74 [19 19 21]
75 [19 19]
76 [19 19 19]
77 [19 19]
78 [19 19]
79 [19 19]
80 [19 19]
81 [19 19]
82 [19 19  4  4]
83 []
84 [19 19 19 38  4]
85 [38]
86 []
87 []
88 []
89 []
90 [19]
91 [19 19]
92 []
93 [19]
94 [19]
95 [19 38]
96 [38]
97 []
98 []
99 [19 19]
100 [19 19]
101 []
102 [19]
103 [19 19 19]
104 [19 19]
105 [19]
106 [19 19]
107 [19 19 19 38]
108 [19]
109 [19 19]
110 [19 19]
111 [19]
112 []
113 [19]
114 []
115 [19 19]
116 [19]
117 []
118 [19 19 19]
119 [19]
120 []
121 []
122 [19 19]
123 [19 19 19]
124 []
125 [19]
126 [19]
127 []
128 [19]
129 []
130 [19 19]
131 []
132 []
133 []
134 []
135 [19]
136 [19 19]
137 []
138 []
139 []
140 []
141 []
142 []
143 [19 19]
144 [19]
145 [19]
146 [19]
147 []
148 [19 19]
149 [19 19]
150 [19 19]
151 []
152 [19]
153 [19 19]
154 [19]
155 [19 19]
156 [19]
157 [19 19]
158 [19]
159 [19 19]
160 [19 19]
161 [19]
162 [19 19]
163 []
164 [38 19]
165 [19 38 19]
166 [19 19]
167 [19]
168 [19 19]
169 []
170 []
171 [19]
172 [19 19]
173 [19 19]
174 [19 19 19]
175 [19 19 19]
176 [19]
177 [19]
178 [19 19]
179 [19]
180 [19 19]
181 [19]
182 [19 19]
183 [19 19]
184 []
185 []
186 [19 19]
187 [19 19]
188 []
189 []
190 [19 19]
191 [19]
192 [19 19]
193 [19]
194 []
195 []
196 []
197 []
198 [19]
199 [19 19]
200 [19 19 19 38]
201 [19]
202 [19]
203 [38 19]
204 [19 19 38]
205 [19 19 19]
206 []
207 [19]
208 [38]
209 [19 19 38 38]
210 [19]
211 [19]
212 [19 19]
213 [19]
214 [19]
215 [19 19 19]
216 [19]
217 [19 19]
218 [19]
219 [19]
220 [19 19]
221 [19]
222 [19 19]
223 [19 19]
224 [19 19 22]
225 [19 19]
226 [19 19 19]
227 []
228 []
229 []
230 []
231 []
232 []
233 []
234 []
235 []
236 []
237 []
238 []
239 []
240 []
241 []
242 []
243 []
244 []
245 []
246 []
247 []
248 []
249 []
250 []
251 []
