0 []
1 []
2 []
3 []
4 []
5 []
6 []
7 [38 38]
8 [10]
9 [38]
10 []
11 [38]
12 []
13 []
14 []
15 []
16 []
17 []
18 []
19 []
20 []
21 []
22 [9]
23 [2]
24 []
25 []
26 []
27 []
28 []
29 []
30 [5]
31 []
32 []
33 [5]
34 [12]
35 []
36 [38 38 19]
37 []
38 [38 12]
39 [38 12]
40 [38 38 12 10]
41 [38 12 10]
42 [29]
43 [19 29 34]
44 [29 19  9]
45 [29 38 19]
46 [19 29]
47 [19 38]
48 [38 10]
49 [10 38]
50 [19 10]
51 []
52 [38  5]
53 [19 38 38 10  5]
54 [19 10  5]
55 []
56 []
57 []
58 []
59 [7]
60 []
61 [9 7]
62 [34]
63 []
64 []
65 []
66 [5]
67 [5]
68 [5]
69 [5]
70 []
71 [5]
72 [5]
73 [5]
74 [5]
75 [5]
76 []
77 [5]
78 []
79 [16  5]
80 [16  5]
81 [19]
82 [2]
83 []
84 []
85 [5]
86 []
87 [19  9]
88 [9]
89 []
90 [2]
91 [19]
92 [19]
93 [38]
94 [38]
95 [38 19]
96 [38]
97 [2]
98 [2]
99 [2]
100 []
101 []
102 []
103 []
104 []
105 []
106 []
107 [5]
108 []
109 []
110 [5]
111 []
112 []
113 []
114 []
115 []
116 [19]
117 [ 9 12]
118 [12]
119 [12]
120 [38]
121 [5]
122 []
123 []
124 []
125 [5]
126 [5]
127 [5]
128 []
129 []
130 []
131 []
132 [9]
133 [9]
134 [ 9 12]
135 [12  9]
136 [9]
137 [ 9 12]
138 [ 9 12]
139 [12]
140 [12]
141 []
142 [5]
143 [5]
144 []
145 [5]
146 [5]
147 [5]
148 []
149 []
150 []
151 []
152 []
153 [38]
154 []
155 []
156 []
157 []
158 []
159 []
160 []
161 []
162 [28 38]
163 [28]
164 [28]
165 [28]
166 [28]
