0 [25 19]
1 [23 25 37]
2 [23 19  6]
3 [ 6 25]
4 [19 25 23]
5 [19]
6 [19  6]
7 []
8 [19 15]
9 [23 38 19]
10 [19 23]
11 [38 23]
12 [38 38]
13 [38]
14 [38 38]
15 [38 38]
16 [38]
17 [19 38]
18 [19]
19 [6]
20 [38]
21 [23  6]
22 [ 6 16]
23 [ 7 23  6]
24 [8 6 4]
25 [8]
26 [6]
27 [19]
28 []
29 [38 19 23]
30 [19 38  9]
31 [19]
32 [19 38]
33 [19]
34 [23]
35 [25 23  9]
36 [25]
37 [38 16]
38 [38 19  9]
39 [38 25]
40 [16]
41 [38 19]
42 [38]
43 [38]
44 [38 19]
45 [38 19]
46 [38]
47 [19 38]
48 [16 38]
49 [38]
50 [19 38]
51 [19 38]
52 [19 38]
53 [19 38]
54 [19 38]
55 [38 19 23]
56 [19 38 23]
57 [19 38]
58 [19 38  9]
59 [19 38]
60 [19 38]
61 [19 38]
62 [19 38]
63 [19 38]
64 [19 38]
65 [19 38]
66 [19 38]
67 [19 38]
68 [19  7]
69 [19]
70 [19  2]
71 [38]
72 [38]
73 [38 38]
74 [38 17  7 16]
