0 []
1 []
2 []
3 []
4 []
5 []
6 []
7 []
8 []
9 []
10 []
11 []
12 [19]
13 []
14 [19]
15 [19]
16 [4]
17 [19]
18 [19]
19 [19]
20 [19]
21 [19]
22 []
23 []
24 [19]
25 [19]
26 [19]
27 [19  4]
28 [19]
29 []
30 []
31 []
32 [19]
33 [19]
34 [19]
35 [19]
36 []
37 [4]
38 [19]
39 [19]
40 [19]
41 [19]
42 [19]
43 [19]
44 [19]
45 [19]
46 [19]
47 []
48 [19]
49 [19]
50 [19]
51 [19]
52 [19]
53 [19]
54 [9]
55 [19]
56 [19]
57 [19]
58 [19]
59 [19]
60 [4 9]
61 [9]
62 [19]
63 [19]
64 [19]
65 [19]
66 [19]
67 [19]
68 [19]
69 [19]
70 []
71 [19]
72 [4]
73 []
74 [4]
75 [19]
76 [19]
77 [19]
78 [19]
79 [19 28]
80 [19]
81 []
82 [19]
83 [19]
84 [19]
85 [19]
86 [19]
87 [19]
88 [19]
89 [19]
90 [19]
91 [19]
92 [19]
93 [19]
94 [19]
95 [19]
96 [19]
97 [19]
98 [19]
99 [19]
100 [19]
101 [19]
102 []
103 [19]
104 [19]
105 [19]
106 [19]
107 [19]
108 [19]
109 [19]
110 [19]
111 [19]
112 [19]
113 [19]
114 [19]
115 [19]
116 [19]
117 [19]
118 []
119 [19]
120 [19]
121 [19]
122 [19]
123 [19]
124 [19]
125 [19]
126 [19]
127 []
128 [19]
129 [19]
130 []
131 [9]
132 []
133 []
134 []
135 []
136 [1]
137 []
138 [21  1]
139 []
140 [19 21]
141 [19]
142 [19]
143 [19]
144 [19]
145 [19]
146 [19]
147 [19]
148 []
149 []
150 [21]
151 [9]
152 []
153 []
154 []
155 []
156 []
157 []
158 []
159 []
160 [19]
161 []
162 []
163 []
164 []
165 []
166 []
167 []
168 []
169 []
170 []
171 []
172 []
173 []
174 []
175 []
176 [19]
177 [19]
178 [19]
179 [21 19]
180 []
181 []
182 []
183 [19]
184 []
185 [19]
186 []
187 []
188 []
189 []
190 []
191 []
192 []
193 []
194 []
195 []
196 []
197 []
198 []
199 []
200 [21]
201 []
202 []
203 []
204 [19  4]
205 [19]
206 [19  4]
207 [19]
208 [19  4]
209 [19 21]
210 [19]
211 [19]
212 [19]
213 [19]
214 [19]
215 []
216 []
217 []
218 [4]
219 [21 28 19]
220 [19 21]
221 [19]
222 []
223 [19 21]
224 []
225 []
226 []
227 [19]
228 [21 19]
229 []
230 []
231 [21  4]
232 [21  4]
233 [19 21]
234 [19]
235 [19]
236 [21 19]
237 [21 19]
238 [19]
239 [21 19]
240 [19 21]
241 [19 21]
242 [21 19]
243 [21 19]
244 [21 19  4]
245 [21  4]
246 [21 19]
247 [19 21]
248 [19 21]
249 [21 19]
250 [19 21]
251 [21 19]
252 [21 19]
253 [19 21  4]
254 [19]
255 [21 19]
256 [19]
257 [19 21]
258 [19]
259 [19 21 20]
260 [21 19  9 20]
261 [21]
262 [19]
263 [21 19]
264 []
265 []
266 []
267 []
268 []
