0 []
1 []
2 []
3 []
4 []
5 []
6 []
7 []
8 []
9 []
10 []
11 [4]
12 []
13 []
14 []
15 []
16 []
17 []
18 []
19 []
20 []
21 []
22 []
23 []
24 [19]
25 []
26 [19]
27 [19]
28 []
29 []
30 []
31 []
32 []
33 []
34 []
35 []
36 []
37 []
38 []
39 [9]
40 []
41 [9 4]
42 [4]
43 [7]
44 []
45 []
46 []
47 [4]
48 [4]
49 [9]
50 []
51 []
52 []
53 []
54 [4]
55 [9]
56 []
57 [7]
58 []
59 []
60 []
61 []
62 []
63 []
64 []
65 []
66 [19  9]
67 [19]
68 []
69 [9]
70 [7]
71 [7]
72 []
73 [4 7]
74 []
75 []
76 []
77 [7 4]
78 [7]
79 [2]
80 []
81 []
82 [7 4]
83 []
84 []
85 []
86 []
87 [7]
88 []
89 [4 7]
90 [4]
91 [7]
92 [7]
93 [4 2]
94 [38]
95 []
96 [38]
97 [38]
98 []
99 [38]
100 []
101 []
102 []
103 []
104 []
105 []
106 []
107 []
108 []
109 [38]
110 [38]
111 [19 38]
112 []
113 []
114 [38]
115 [38]
116 []
117 []
118 []
119 []
120 []
121 []
122 [9]
123 []
124 []
125 []
126 [38]
127 []
128 []
129 []
130 []
131 [38]
132 [38]
133 [38]
134 []
135 [38]
136 [38]
137 [38]
138 [15]
139 []
140 []
141 []
142 [9]
143 []
144 []
145 []
146 []
147 [15]
148 []
149 []
150 [9]
151 []
152 [9]
153 []
154 []
155 [19]
156 []
157 [16]
158 []
159 []
160 []
161 []
162 []
163 []
164 []
165 []
166 [19]
167 []
168 []
169 []
170 [19]
171 []
172 [ 9 16]
173 []
174 []
175 []
176 [8]
177 []
178 []
179 []
180 []
181 []
182 []
183 []
184 []
185 [19]
186 []
187 [19]
188 []
189 [9]
190 []
191 [1]
192 []
193 []
194 []
195 []
196 []
197 []
198 []
199 []
200 []
201 []
202 []
203 []
204 []
205 []
206 []
207 []
208 []
209 []
210 []
211 []
212 []
213 [9]
214 []
215 []
216 [1]
217 []
218 [9]
219 []
220 []
221 []
222 []
223 []
224 [7]
225 []
226 []
227 []
228 []
229 []
230 []
231 []
232 []
233 []
234 []
235 []
236 []
237 []
238 []
239 []
240 []
241 []
242 []
243 []
244 []
