0 [19]
1 [19]
2 [19]
3 [19]
4 [19]
5 [19]
6 [19]
7 [19]
8 [19]
9 [19]
10 [19]
11 [19]
12 [19]
13 [19]
14 [19]
15 [19]
16 [19]
17 [19]
18 [19]
19 [19]
20 [19]
21 [19]
22 [19]
23 [19]
24 [19]
25 [19]
26 [19]
27 [19]
28 [19]
29 [19]
30 [19]
31 [19]
32 [19]
33 [19]
34 [19]
35 [19]
36 [19]
37 [19]
38 [19]
39 [19]
40 [19]
41 [19]
42 [19]
43 [19]
44 [19]
45 []
46 []
47 []
48 []
49 []
50 [19]
51 [38 19]
52 []
53 []
54 []
55 [19]
56 [19]
57 [19]
58 [19]
59 [19]
60 [19]
61 [38  4]
62 []
63 []
64 [19]
65 [19]
66 [19  4]
