0 [19  6]
1 [19]
2 [19  6]
3 [19]
4 [19]
5 [19]
6 []
7 [19  7]
8 [19]
9 [19]
10 [19]
11 [19]
12 [19]
13 [21 19]
14 [19 21]
15 [19]
16 [19]
17 [19  9]
18 [19]
19 [21]
20 []
21 [21 19]
22 []
23 []
24 []
25 [17]
26 []
27 []
28 [7]
29 [19 15]
30 [19]
31 [19 15]
32 [19]
33 []
34 [19]
35 [19]
36 [19 21]
37 [19]
38 [19]
39 [19 18]
40 [19 18]
41 [19  6 21]
42 [19 21  6]
43 [19  6 21]
44 [19 21]
45 [19 21]
46 [19 21]
47 [19 21]
48 [19 21  6]
49 [19 21]
50 [19 21]
51 [19 21 21]
52 [19 21]
53 [19 21]
54 [19 21]
55 [19 21]
56 [19 21 21 21 21]
57 [19 21 21]
58 [21 21 21 19 21]
59 [21 21 21 19 21]
60 [19 21 21]
61 [21 19 21]
62 [21 21 19 21]
