0 []
1 []
2 []
3 []
4 [19 38 38]
5 [19 38 38]
6 [38 19 38]
7 [19 38]
8 [19 38]
9 [19 38]
10 [19 38]
11 [19 38]
12 [38 19]
13 [19 38]
14 [38]
15 [38 19]
16 [19 38]
17 [19 38]
18 [19 38]
19 [19 38]
20 [19 38]
21 [19 38]
22 [19 38]
23 [19 38]
24 [19 38]
25 [38 19]
26 [19 38 38]
27 [38 19]
28 [38]
29 [19 38]
30 [38 19]
31 [38 19]
32 [38]
33 [19 38]
34 [19 38]
35 [38]
36 [38]
37 [38 19]
38 [38 19]
39 [38 19]
40 [38 19]
41 [19 38]
42 [19 38]
43 [19 38]
44 [19 38]
45 [19 38]
46 [19 38]
47 [38 19]
48 [19 38]
49 [19 38]
50 [38 38 19]
51 [38 38]
52 [38 19 38]
53 [38 19 38]
54 [38]
55 [38 19]
56 [38 19]
57 [19 38]
58 [19 38]
59 [19 38]
60 [19 38]
61 [19 38]
62 [19 38]
63 [19 38 38]
64 [19 38]
65 [19 38 38 38]
66 [38 19]
67 [19 38]
68 [19 38]
69 [19 38]
70 [19 38]
71 [19 38]
72 [38 19]
73 [19 38]
74 [19 38]
75 [19 38]
76 [38]
77 [38]
78 [38]
79 [38]
80 [38]
81 [38]
82 [19 38]
83 [19 38]
84 [19 38]
85 [19 38]
86 [19 38]
87 [19 38]
88 [19 38]
89 [19 38]
90 [19 38]
91 [19 38]
92 [19 38]
93 [19 38]
94 [19 38]
95 [19 38]
96 [19 38]
97 [19 38]
98 [38]
99 [19 38]
100 [19 38]
101 [19 38]
102 [19 38]
103 [19 38]
104 [19 38]
105 [38 19]
106 [38]
107 [38]
108 [38]
109 [38]
110 [38]
111 [38]
112 [38]
113 [38 19]
114 [38 19]
115 [19 38]
116 [19 38]
117 [19 38]
118 [19 38]
119 [19 38]
120 [38 19]
121 [38]
122 []
123 [38 19]
124 [19 38]
125 [19 38  4  9 17]
126 [19 38]
127 [19 38]
128 [19 38]
129 [19 38]
130 [19]
131 [19]
132 [19 38]
133 [19 38]
134 [19 38]
135 [19 38]
136 [19]
137 [19]
138 [19 38]
139 [19 38]
140 [19 38]
141 [19 38]
142 [19 38]
143 [19 38]
144 [19]
145 [19]
146 [19 38]
147 [19]
148 [19 38]
149 [19]
150 [19]
151 [19 38]
152 [19 38]
153 [19 38]
154 [19 38]
155 [19 38]
156 [19 38]
157 [19 38]
158 [19 38]
159 [19 38]
160 [19 38]
161 [19 38]
162 [19 38]
163 [19 38]
164 [19 38]
165 [38 19]
166 [19 38]
167 [19 38]
168 []
169 []
170 []
171 []
172 []
173 [29]
174 [29]
175 []
176 []
