0 []
1 [38 19  9]
2 []
3 [19]
4 []
5 [19]
6 [6]
7 [38 19 19]
8 [19 38]
9 [19 38]
10 [38 19]
11 [19 38]
12 [19 38]
13 [38 19]
14 [38 19]
15 [38 19]
16 [38 19]
17 [38 19]
18 [38 19]
19 [38 19]
20 [38 19]
21 [38 19]
22 [38 19]
23 [38 19]
24 [38 19]
25 [38 19]
26 [19 38]
27 [38 19]
28 [38 19]
29 [38 19]
30 [19 38]
31 [38 19]
32 [38 19]
33 [38]
34 [38]
35 []
36 []
37 []
38 []
39 []
40 [38 19]
41 [19 38]
42 [38 19]
43 [19]
44 [38 19]
45 [38 19]
46 [19 38]
47 [19 38]
48 [19 38]
49 [19 38]
50 [19]
51 [19 38]
52 [38 19]
53 [19 38]
54 [19 38]
55 [19 38]
56 [19 38]
57 [38 19]
58 [38 19]
59 [19 38]
60 [38 19]
61 [38 19]
62 [38 19]
63 [19]
64 [38 19]
65 [19]
66 [38 19]
67 [38]
68 [19 38]
69 [19 38]
70 [38 19]
71 [19 38]
72 [19 38]
73 [38]
74 [38]
75 [19 38]
76 [19 38]
77 [19 38]
78 [19 38]
79 [19 38]
80 [19 38]
81 [19 38]
82 [19]
83 [19]
84 [38 19]
85 [38 19]
86 [38 19]
87 [19 38]
88 [38 19]
89 [38 19]
90 [38]
91 [38 19]
92 [38 19]
93 [19 38]
94 [19 38]
95 [19 38]
96 [38 19]
97 [19 38]
98 [19 38]
99 [19 38]
100 [19 38]
101 [19 38]
102 [19 38]
103 [19 38]
104 [38 19]
105 [38 19  4]
106 [38 19 18]
107 [19 38]
108 [19 38]
109 [19 38]
110 [19 38]
111 [19 38]
112 [19 38]
113 [19 38]
114 [19 38]
115 [19 38]
116 [19]
117 [38 19]
118 [19 38]
119 [19 38]
120 [19  6 38]
121 [19]
122 [19 38]
123 [19 38]
124 [38 19]
125 [38 19]
126 [19 38]
127 [19 38  9]
128 [38 19]
129 [19 38]
130 [38 19]
131 [19 38  9  1]
132 [19 38]
133 [19 38]
134 [19 38]
135 [19 38]
136 [19 38]
137 [19]
138 [38]
139 [19 38]
140 [38 19]
141 [19 38]
142 [19 38]
143 [19 38]
144 [19 38]
145 [19 38]
146 [19 38]
147 [19]
148 [19]
149 [19]
150 [38 19]
151 [38 19]
152 [38 19]
153 [19 38]
154 [19]
155 [19  6]
156 [19  6]
157 [19]
158 [8]
159 [38  8]
160 [38]
161 [38  4]
162 [8]
163 []
164 [8]
165 [38]
166 []
167 [19 38]
168 [19 38]
169 [19 38]
170 [19 38]
171 [19 38]
172 [19 38]
173 [19 38]
174 [19 38]
175 [19 38]
176 [19 38]
177 [19 38]
178 [19 38]
179 [19 38]
180 [19 38]
181 [19 38]
182 [19 38]
183 [19 38]
184 [19 38]
185 [19 38]
186 [19]
187 [19 38  9]
188 [38 19]
189 [19]
190 [19 16]
191 [19 38]
192 [19 38]
193 [19 38]
194 [19 38]
195 [19 38]
196 [38 19]
197 [19 38]
198 [23 19 38]
199 [19 38]
200 [38 19 23]
201 [38 19]
202 [38 19]
