0 []
1 [14]
2 []
3 []
4 []
5 []
6 [19]
7 [19]
8 [19]
9 [19]
10 [19]
11 [19]
12 [19]
13 [19]
14 [19]
15 []
16 []
17 []
18 []
19 []
20 []
21 []
22 []
23 []
24 []
25 [16]
26 []
27 []
28 []
29 []
30 []
31 []
32 []
33 []
34 [19]
35 [19]
36 [19]
37 [19]
38 []
39 []
40 []
41 []
42 []
43 []
44 []
45 [19  7]
46 [19]
47 [19]
48 [19]
49 []
50 []
51 [19]
52 []
53 []
54 [19]
55 []
56 [5]
57 []
58 []
59 []
60 []
61 []
62 [19]
63 [19]
64 [19]
65 [19]
66 [19]
67 [19]
68 [19]
69 [19]
70 [19]
71 [19 18  7]
72 [19]
73 [19]
74 [19]
75 [19 19]
76 [19]
77 []
78 [19]
79 []
80 []
81 []
82 [21]
83 [19]
84 []
85 []
86 []
87 []
88 []
89 []
90 []
91 []
92 []
93 []
94 [37 26]
95 []
96 [26 37]
97 [37 26]
98 [37  8]
99 [37]
100 [37 26]
101 [37]
102 [37 26]
103 [37 16 26]
104 []
105 []
106 []
107 []
108 []
109 []
110 []
111 []
112 []
113 []
114 []
115 []
116 []
117 []
118 []
119 []
120 []
121 []
122 [26]
123 [ 9 21]
124 []
125 []
126 []
127 []
128 []
129 []
130 []
131 [19]
132 []
133 []
134 []
135 []
136 []
137 []
138 [5]
139 []
140 []
141 [19]
142 [19]
143 [19]
144 [19]
145 [19]
146 [19]
147 [19 26 37]
148 [ 4 19 26  7 37]
149 [4 1]
150 [ 1  4 19 26 37]
151 [ 7  4 19  1]
152 [1 7 4]
153 [19]
154 [19]
155 []
156 []
157 []
158 []
159 []
160 []
161 []
162 []
163 []
164 []
