0 []
1 []
2 []
3 []
4 []
5 []
6 []
7 []
8 []
9 []
10 []
11 []
12 []
13 []
14 []
15 []
16 [2]
17 [2]
18 [2]
19 []
20 [2]
21 []
22 [24]
23 [24]
24 [4]
25 []
26 []
27 []
28 [2]
29 [2]
30 [2]
31 [19 17]
32 [19 17]
33 []
34 []
35 []
36 [19]
37 [19]
38 [19]
39 [19]
40 [19  9]
41 [12 19]
42 [12]
43 [19 12  9]
44 [12  9 19  9]
45 [ 9 12]
46 []
47 []
48 [6]
49 [7]
50 [7]
51 []
52 [19 34 38]
53 [19 34 12]
54 [12 19]
55 [19 12 19]
56 [19 12]
57 [12 19]
58 [19 12 19]
59 [19 12 19]
60 [19 12]
61 [19]
62 [19]
63 [19]
64 [19 12]
65 [19 12]
66 [19 12]
67 [12 19]
68 [12 19]
69 [7]
70 [7]
71 [7]
72 [7]
73 []
74 [5]
75 []
76 []
77 [19]
78 [19]
79 [19]
80 [19]
81 [19]
82 [19]
83 [19]
84 [19]
85 [19]
86 [19]
87 []
88 [19]
89 [19]
90 []
91 [19]
92 [19]
93 [19]
94 [19]
95 []
96 []
97 []
98 []
99 []
100 []
101 []
102 []
103 [19]
104 [19]
105 [19]
106 [19]
107 [38]
108 []
109 []
110 []
111 []
112 []
113 []
114 []
115 []
116 []
117 [4]
118 []
119 []
120 []
121 []
122 []
123 []
124 []
125 [6]
126 []
127 [19]
128 [19]
129 [19]
130 [19]
131 []
132 []
133 [6]
134 [6]
135 [19]
136 [ 4 19]
137 [4]
138 [ 4 19]
139 [19]
140 []
141 [19  9]
142 [19]
143 [19]
144 [19]
145 [19]
146 []
147 []
148 []
149 []
150 []
151 []
152 []
153 []
154 []
155 []
