0 []
1 []
2 []
3 []
4 []
5 []
6 []
7 []
8 []
9 []
10 [14]
11 [19]
12 [19]
13 [19 10]
14 [19 10]
15 [19]
16 [10]
17 [19 21]
18 [19]
19 []
20 [19]
21 [19]
22 []
23 [19]
24 []
25 []
26 []
27 [21]
28 []
29 [21 10]
30 []
31 []
32 []
33 []
34 []
35 []
36 []
37 [19]
38 [19]
39 []
40 []
41 [19]
42 []
43 [19]
44 [19]
45 [19]
46 [19]
47 [19]
48 [19]
49 [19]
50 [19]
51 [19]
52 []
53 []
54 []
55 []
56 [19]
57 [19 16]
58 [19]
59 [19]
60 [19]
61 [19]
62 [19]
63 [19]
64 [19]
65 [19]
66 [19]
67 [19]
68 [19]
69 [30]
70 [19]
71 [19]
72 [19]
73 [19]
74 [19]
75 [19 21]
76 [21 19]
77 []
78 [19]
79 [19]
80 [19]
81 []
82 []
83 [19]
84 [19]
85 [19]
86 [19]
87 [19  2]
88 []
89 []
90 []
91 []
92 []
93 []
94 []
95 []
96 []
97 []
98 []
99 []
