0 []
1 []
2 [19]
3 [19]
4 []
5 []
6 []
7 []
8 []
9 []
10 []
11 []
12 []
13 []
14 []
15 []
16 []
17 []
18 [7]
19 []
20 [19  9]
21 [1 9]
22 []
23 [1]
24 [19]
25 [19]
26 [19]
27 [19]
28 [19]
29 [1]
30 [19]
31 [19]
32 [1]
33 [19]
34 [19]
35 [19]
36 [19]
37 [19]
38 [9]
39 [7]
40 [4]
41 []
42 [19]
43 [19]
44 [14]
45 [14]
46 [14]
47 [14]
48 [14]
49 [14]
50 [14]
51 []
52 []
53 [ 8 19]
54 [8]
55 []
56 []
57 [19  5]
58 [16]
59 []
60 [5]
61 []
62 []
63 []
64 []
65 []
66 []
67 []
68 [7 8]
69 [7]
70 [7]
71 [16  7  9]
72 [8]
73 [7]
74 [9]
75 [ 9 16]
76 [ 7  9 19]
77 [4]
78 []
79 []
80 []
81 []
82 []
83 []
84 []
85 []
86 []
87 []
88 []
89 []
90 []
91 []
92 []
93 []
94 []
95 [14]
96 [14]
97 [14]
98 [14]
99 []
100 []
101 []
102 []
103 []
104 []
105 []
106 []
107 [38 26]
108 [38 26]
109 [38 26]
110 [38 26 26]
111 [38]
112 [38]
113 [38]
114 [38]
115 [14]
116 [14]
117 []
118 [14]
119 [26]
120 [26]
121 [26]
122 [26]
123 []
124 []
125 []
126 []
127 [19]
128 [19]
129 [ 4 16  9]
130 [4]
131 [14]
132 [14]
133 [14]
134 []
135 [16]
136 [8 9]
137 [8]
138 [8]
139 [9 7]
140 [9 7]
141 [19  9]
142 [19]
143 []
144 []
145 []
146 []
147 []
148 []
149 []
150 []
151 []
152 []
153 []
154 [19]
155 [19]
156 [19]
157 [19  9]
158 [19  9]
159 []
160 [19]
161 []
162 []
163 [9]
164 []
165 []
166 []
167 []
168 []
169 [9 8]
170 []
171 []
172 []
173 []
174 []
175 []
176 []
177 []
178 [8 4]
179 [8 9]
180 [8]
181 []
182 [4]
183 [9]
184 [19]
185 [19]
186 [19  9]
187 []
188 []
189 []
190 []
191 []
192 []
193 []
194 []
195 []
196 []
