0 []
1 []
2 []
3 []
4 []
5 []
6 []
7 []
8 [19]
9 [19]
10 []
11 [38]
12 []
13 []
14 []
15 []
16 []
17 [15]
18 []
19 []
20 []
21 [19]
22 []
23 [19]
24 []
25 []
26 []
27 [19]
28 []
29 []
30 []
31 []
32 []
33 []
34 [19]
35 []
36 []
37 [19]
38 []
39 []
40 []
41 []
42 []
43 []
44 []
45 []
46 []
47 []
48 []
49 [17 16]
50 [9]
51 []
52 []
53 []
54 [1]
55 []
56 []
57 [1]
58 []
59 []
60 [19]
61 [19]
62 []
63 [9]
64 [19 38  9]
65 [ 9 19]
66 [19]
67 [19]
68 [19]
69 []
70 []
71 [38]
72 []
73 [38]
74 [17  5]
75 [19 38]
76 [5]
77 [ 5 38]
78 [5]
79 [5]
80 [5]
81 []
82 []
83 []
84 [5]
85 [38]
86 [38]
87 []
88 [38]
89 []
90 []
91 []
92 [9]
93 [38]
94 [9]
95 [17  5]
96 [38  5]
97 []
98 []
99 [9 5]
100 []
101 []
102 [2]
103 [38]
104 [38]
105 [38]
106 []
107 [19  1]
108 [9]
109 [38]
110 [38  9  1]
111 [38  9]
112 [19]
113 [ 9 38]
114 [38  9]
115 [38  9  9]
116 [ 9 38 17]
117 [ 9 38]
118 [16]
119 []
120 [38]
121 [38  9]
122 []
123 [38]
124 [38]
125 [38  9]
126 [38]
127 [38  9]
128 [38]
129 [38  5]
130 [5]
131 [9]
132 []
133 []
134 [38  9]
135 [ 9 38]
136 [19]
137 [9]
138 []
139 [19]
140 []
141 []
142 []
143 [19]
144 []
145 []
146 []
147 [19]
148 [19]
149 [19 15]
150 []
151 [19]
152 [19]
153 []
154 [19]
155 [19]
156 [19]
157 []
158 []
159 [19]
160 [19]
161 [19]
162 []
163 [19]
164 [19]
165 [19]
166 [19]
167 []
168 [19]
169 [19 10]
170 [19]
171 [19]
172 []
173 []
174 [19]
175 []
176 [19 10]
177 [9]
178 []
179 [9]
180 [ 9 19]
181 []
182 []
183 []
184 []
185 []
186 []
187 []
188 [9 7]
189 []
190 []
191 []
192 []
193 []
194 []
195 [19]
196 []
197 []
198 []
199 []
200 []
201 []
202 []
203 [19]
204 []
205 []
206 [19]
207 []
208 []
209 [9]
210 [17  9]
211 []
212 [17  7]
213 []
214 []
215 [17]
216 []
217 []
218 []
219 []
220 []
221 []
222 []
223 []
224 [10]
225 [19]
226 []
227 [4]
228 []
229 [38]
230 [1]
231 []
232 []
233 []
234 []
235 []
236 []
237 []
238 []
239 []
240 []
241 []
242 []
243 [19]
244 []
245 []
246 [1]
247 []
248 []
249 []
250 [19]
251 []
252 []
253 []
254 [19  9  4]
255 [1 4]
256 []
257 []
258 [19]
259 []
260 []
261 []
262 [19]
263 []
264 []
265 []
266 []
267 []
268 []
269 []
270 []
271 []
