0 [38]
1 [38]
2 [38]
3 [38]
4 [38]
5 [38]
6 [19]
7 []
8 []
9 [19]
10 [19]
11 [19]
12 []
13 []
14 []
15 [19]
16 [19]
17 [19]
18 [19]
19 [19]
20 [4]
21 [19]
22 [19]
23 [19]
24 [19]
25 [19]
26 [19]
27 [19]
28 [19]
29 [19]
30 [19]
31 [19]
32 [19]
33 [19]
34 [4]
35 [19]
36 [19]
37 [19]
38 [19]
39 [19]
40 [19]
41 [19]
42 [19]
43 []
44 [9]
45 [4]
46 [4]
47 [4 9]
48 [4 9]
49 [9]
50 []
51 [32]
52 []
53 []
54 []
55 []
56 [9]
57 [9]
58 [19]
59 []
60 []
61 [19]
62 []
63 []
64 [4]
65 []
66 []
67 []
68 []
69 []
70 [19]
71 [19]
72 []
73 [32]
74 [19]
75 [19]
76 [19]
77 [19  9]
78 [19]
79 [19]
80 [19]
81 [19]
82 [19]
83 [19]
84 [19 15]
85 [19]
86 [19]
87 [19]
88 [19]
89 [19]
90 [19]
91 [19]
92 [19]
93 [19]
94 [19]
95 [19]
96 [19]
97 [19]
98 [19]
99 [19  8]
100 [19  8]
101 [19]
102 []
103 [19]
104 [19]
105 [19]
106 [9]
107 []
108 [32]
109 [19]
110 [19]
111 [19 32 32]
112 [19]
113 [19]
114 [19]
115 [19]
116 [19  9]
117 [19]
118 [19]
119 [19]
120 [19  8]
121 [8]
122 [19]
123 []
124 [19]
125 []
126 []
127 []
128 []
129 []
130 []
131 []
132 []
133 []
134 []
135 []
136 []
137 []
138 []
139 []
140 []
141 []
142 [38]
143 [38]
144 [38]
145 [38]
146 [38]
