0 []
1 []
2 []
3 []
4 []
5 []
6 []
7 [19]
8 [19  9]
9 [19 15]
10 [19]
11 [19]
12 [19]
13 [19  9]
14 [19]
15 [19]
16 [19]
17 []
18 []
19 [1 9]
20 []
21 [9]
22 [9]
23 [19]
24 [ 9 19]
25 [9]
26 [19]
27 [ 2 19]
28 [2]
29 [19]
30 [19]
31 [19]
32 [19]
33 []
34 [19]
35 [19 19]
36 []
37 []
38 [19]
39 []
40 [19]
41 [19]
42 [19  2  2]
43 [19]
44 []
45 [19]
46 [19]
47 [19 19]
48 [19]
49 []
50 []
51 [19 19]
52 [19 27]
53 [19]
54 [19]
55 [19]
56 [19  9 19]
57 [19]
58 [19]
59 [19]
60 [19  9]
61 [19]
62 [19 15]
63 [ 9 19]
64 [9]
65 [19]
66 []
67 []
68 [19 19]
69 []
70 [19]
71 [19  2]
72 [19]
73 [19]
74 [19]
75 []
76 [19  2]
77 [19]
78 []
79 [19]
80 [19 19]
81 [19 19]
82 [19]
83 [19 19]
84 [19 19  2]
85 [19 19]
86 [19  2]
87 [19 19]
88 [19]
89 [19 19]
90 [19 19  9]
91 [19  9]
92 [ 9 19  2]
93 [19  9]
94 [ 9 19]
95 [19]
96 []
97 []
98 []
99 [19]
100 []
101 [19]
102 [19]
103 [19]
104 [19 19]
105 [19]
106 [19 19]
107 [19]
108 [19]
109 [19]
110 [19]
111 [19 19  9]
112 [19]
113 [19]
114 [19  9 17  1]
115 [1 2]
116 [ 2 19  1  9]
117 [ 1 19  2]
118 [19  9]
119 [19]
120 [19]
121 [19]
122 [19]
123 [19]
124 []
125 []
126 []
127 []
128 [19]
129 [19]
