0 []
1 []
2 []
3 []
4 []
5 []
6 [12]
7 [12 19 12 12]
8 [19 12]
9 [ 9 12 19]
10 [ 9 12]
11 [12  9 12]
12 [ 9 12 19 12]
13 [21 19 19]
14 [19]
15 [19 12  9]
16 [ 9 19 12]
17 [19 12  9]
18 [19 12]
19 [19 12]
20 [19 12]
21 [19 12]
22 [19 12]
23 [ 9 19 12]
24 [ 9 12 19]
25 [ 9 12 19]
26 [19 12]
27 [19  9 12]
28 [19 12]
29 [ 9 12]
30 [19 12  9]
31 [ 9 19 12]
32 [19  9 12]
33 [19  9 12]
34 [19  9 12 19]
35 [19  9 12]
36 [19  9 12]
37 [ 9 12 19]
38 [ 9 12]
39 [19  9 12]
40 [19 12]
41 [19 12]
42 [ 9 12]
43 [ 9 12]
44 [12  9 19]
45 [12 19]
46 [12 19]
47 [12  9 19]
48 [12  9 19]
49 [12  9 19]
50 [12  9]
51 [12  9]
52 [9]
53 []
54 [12 19]
55 [12  9]
56 [ 9 12 19]
57 [ 9 12]
58 [ 9 12]
59 [12  9 19]
60 [12  9 19]
61 [12 19  9]
62 [ 9 12  9 19]
63 [12 19]
64 [12 19]
65 [19 12  9]
66 [19 12]
67 [19 12]
68 [19 12]
69 [12  9 19  4]
70 [12  9 19  9  4]
71 [12 19]
72 [12 19]
73 [19 12  9]
74 [ 9 12]
75 [12 19]
76 []
77 []
78 []
79 []
80 []
