0 [19 22 21]
1 [19 21 21 22]
2 [19 19 22]
3 [19 19  9]
4 [19 19 22 22]
5 [19 19 21 21 17  9]
6 [19 19  9 22 21]
7 [19 19  9 21 22 21]
8 [19 19 21 21  9 22]
9 [19 21 19 22 17]
10 [19 19 21 22 21]
11 [19 19 21 21 22]
12 [19 19 22]
13 [19 19 21  9 22 21]
14 [19 19  9 21]
15 [19 21 21  9]
16 [19 19 21 21]
17 [19 19 21]
18 [19 19 21 21 21 17 22]
19 [19 19 22 21]
20 [19 22 21]
21 [19 19  9 21 22 21]
22 [19 19 22 19]
23 [19 19 22 21  9  9]
24 [19 19 22  9 21  9]
25 [19 19 22  9]
26 [19 19  9 21 22]
27 [19 19  9 21 21 17 22 21  9]
28 [19 19  9 22  9]
29 [19 19 22]
30 [19 21 22 21]
31 [19 19 22 21]
32 [19 19 21 22 21 17]
33 [19  4  9 21]
34 [19 22]
35 [19 19 21 22 21]
36 [19 19 22]
37 [19 19 22  9 21 21 22]
38 [19  9 19 21 22]
39 [19 11  9 22 21]
40 [14]
41 [19 22  9 21]
42 [19 21 21  9 22]
43 [19 22  9 21]
44 [19 22 21]
45 [19 22 21]
46 [19 21 22  9 22]
47 [19 22  9 21]
48 [19]
49 [19]
50 [11]
51 [19  9]
52 [11 19]
53 [19 19]
