0 [19 19  3]
1 [19  3 19]
2 [19  9 19  3]
3 [19 19  3  9]
4 [19 19 19  3]
5 [19 19 19  3]
6 [19 19 19  3]
7 [19 19 19  3  9]
8 [19 19 19  3]
9 [19 19 19  3 17]
10 [19 19 19  3]
11 [19 19]
12 [19  9]
13 [19 19]
14 [19]
15 [19]
16 [ 9 19 17]
17 [ 9  4 19]
18 [19]
19 [19  4  9]
20 [19 10]
21 [19 19 31]
22 [19]
23 [19  9]
24 [19 12  9]
25 [19  9]
26 [19]
27 [19  9]
28 [19 31]
29 [19 21  9]
30 [19  9  4]
31 [19  4  9 17 19]
32 [ 9 19]
33 [19 31]
34 [19  9]
35 [34 19  9]
36 [19 17]
37 [19 17  9  4]
38 [9]
39 [ 9 19  3 12]
40 [19]
41 [19]
42 [9]
43 [9]
44 [9]
45 [ 9 19  9]
46 [ 9 19]
47 [ 9 12 19]
48 [19 12]
49 [ 9 12 19]
50 [19  9]
51 [19 19 19  9  9]
52 [19 19 19  9]
53 [19 19 19  9]
54 [19 19 19  9]
55 [19 19 19]
56 [19 19 19  9]
57 [19 19 19]
