0 [19  2]
1 [19 19  2]
2 [19 19 19  2]
3 [19 19 19  2]
4 [19 19 19  2]
5 [19 19 19  2]
6 [19 19 19  2]
7 []
8 [12  9]
9 [12]
10 [12]
11 [12]
12 [12]
13 []
14 []
15 [ 9 12]
16 [ 9 12]
17 [12]
18 [ 9 12 12]
19 [12]
20 [ 9 12]
21 [12 12]
22 [12 19 12]
23 [ 9 12]
24 [12 19  9]
25 [12  9]
26 [12  9  9]
27 [12  9]
28 [19 12  9]
29 [12 19]
30 [19  9 12]
31 [ 9 12]
32 [12  9 19]
33 [12 19]
34 [12 12  9  9]
35 [ 9 12]
36 [ 9 12]
37 [12  9]
38 [12  9]
39 [12]
40 [ 9 12]
41 [ 9 12]
42 [12 19 17]
43 [ 9 12]
44 [ 9 12 19]
45 []
46 [9]
47 [9]
48 [ 9 19]
49 [9]
50 [9 9]
51 [9]
52 []
53 [9]
54 [9]
55 [9]
56 [9]
57 []
58 [9]
59 [ 9 19]
60 [ 9 19]
61 [ 9 19]
62 [ 9 12]
63 [19]
64 [9]
65 [9]
66 [19]
67 [9]
68 [ 9 17]
69 [ 9 19  1  9]
70 [9 4]
71 [9]
72 [9]
73 [9]
74 [19]
75 [9]
76 [ 9 12]
77 [ 9 19]
78 [ 9  9 12]
79 [9]
80 [ 9 19]
81 [ 9 12 12]
82 [ 9 12]
83 [9]
84 [9]
85 [9]
86 []
87 []
88 []
89 [ 9  9 12]
90 [9]
91 [9]
92 [9]
93 [ 9 12]
94 [12]
95 [12  9]
96 [12  9 21]
97 [12  9]
98 [12  9  9 12]
99 [ 9 12]
100 [ 9 12  9]
101 [21 12 12  9 17]
102 [ 9 12 21 19]
103 [ 9 12  9 21]
104 []
105 []
106 [9]
107 []
108 [9 1]
109 [17  9]
110 []
111 []
112 [ 9 19 12 12]
113 [12 19]
114 [ 9 12]
115 [ 9 12]
116 [ 9 12]
117 [19 12]
118 [19  9 12]
119 []
120 []
121 []
122 []
123 []
124 []
125 []
126 []
127 []
128 []
129 []
130 []
131 []
132 []
