0 []
1 []
2 []
3 []
4 []
5 []
6 []
7 []
8 [16]
9 [16]
10 [16]
11 [16]
12 [16]
13 [16]
14 [19]
15 [19]
16 [19]
17 [19]
18 [19]
19 [19]
20 [19]
21 [19]
22 []
23 []
24 []
25 []
26 []
27 []
28 [16]
29 [17]
30 []
31 []
32 []
33 []
34 []
35 []
36 []
37 []
38 []
39 [19]
40 [12]
41 [19]
42 [19  3]
43 [19]
44 [19]
45 [19 12]
46 [19 12]
47 [19  9]
48 [9]
49 []
50 []
51 []
52 []
53 [19]
54 []
55 [19]
56 [19]
57 []
58 []
59 []
60 []
61 []
62 [7]
63 []
64 [9]
65 []
66 [19]
67 [19 38]
68 []
69 []
70 []
71 []
72 []
73 []
74 []
75 [38]
76 []
77 []
78 []
79 []
80 []
81 []
82 []
83 [19]
84 [19]
85 [3]
86 [ 3 19]
87 [19  3]
88 [19  3]
89 [19]
90 [19  3]
91 [19]
92 [19  3]
93 [19]
94 [19]
95 [19]
96 [19]
97 [19  9]
98 [ 9 19]
99 [19  9]
100 [19  9]
101 [9]
102 [19]
103 [19 20  9]
104 [19]
105 []
106 []
107 [16]
108 [6]
109 [6]
110 [19]
111 [19]
112 [19]
113 [19]
114 [19]
115 [19]
116 [19]
117 [19]
118 [19]
119 [19]
120 [19]
121 [ 9 19]
122 [9]
123 []
124 [9 9]
125 [19]
126 [9]
127 [9]
128 [9]
129 [19  9]
130 [19  9  6]
131 [19  9]
132 [19  9]
133 [ 9 19]
134 [ 9 19]
135 [19]
136 [19]
137 [ 9 19]
138 [17 15]
139 [16]
140 []
141 []
142 []
143 []
144 []
145 []
146 []
147 []
148 []
149 []
