0 []
1 []
2 [19]
3 [19 37]
4 [19]
5 [19]
6 [19]
7 [19]
8 [19]
9 [19]
10 [19]
11 [19]
12 [19]
13 [19]
14 [19  2]
15 [19 19 19]
16 [1]
17 []
18 [19]
19 [19]
20 []
21 []
22 [19]
23 [19]
24 []
25 [19]
26 [19]
27 [19]
28 [12]
29 []
30 []
31 [19 12]
32 [19]
33 [19]
34 [19]
35 [19]
36 []
37 [12]
38 [19]
39 []
40 [9]
41 [9]
42 [9]
43 [9]
44 [9]
45 [9]
46 []
47 [9]
48 [ 9 12]
49 [9]
50 [ 9 19]
51 [9]
52 [ 9 19]
53 [19  9]
54 [9]
55 [19 12]
56 [19]
57 [19]
58 [9]
59 [19]
60 [19 19]
61 [19]
62 [19]
63 []
64 [12]
65 [19]
66 [19]
67 [19]
68 [19]
69 [19]
70 [19]
71 [19]
72 [19]
73 [19]
74 [19]
75 [19]
76 []
77 []
78 []
79 []
80 []
81 []
82 []
83 []
84 []
85 [17]
86 [12]
87 [12]
88 [6]
89 []
90 []
91 []
92 []
93 []
94 []
