0 []
1 []
2 [15]
3 [19 17]
4 [19]
5 [19]
6 [21  9 19]
7 [21  9]
8 [19  9]
9 [19  9 17]
10 [12  9 19]
11 [19  9 12]
12 [19]
13 [19  9]
14 [19  9 21]
15 [19  9 21]
16 [19  9 21]
17 [ 9 19 21]
18 [19 21 12]
19 [19 21  9]
20 [19  9 12 21]
21 [19  9 21]
22 [19  9 21]
23 [ 9 19]
24 [19 12]
25 [ 9 19 12]
26 [19 12]
27 [19]
28 [19 21]
29 [19]
30 [19 21]
31 [ 9 19 21 19 17]
32 [ 9 19]
33 [ 9 12 19]
34 [19 12 21  9]
35 [19 12 21  9]
36 [19  9 21 12]
37 [19  9 12]
38 [19  9 12 21]
39 [19  9]
40 [19  9 12]
41 [19  9 21 12]
42 [19]
43 [19  9 17  9]
44 [19  9]
45 [19 17  4]
46 [19  9]
47 [ 9 19 21]
48 [19 21]
49 [19  9 12]
50 [19 21]
51 [19  9]
52 [19  9]
53 [19  9]
54 [19  9 21]
55 [ 9 19 12 21]
56 [19 12]
57 [19  9]
58 [19  9]
59 [19]
60 [19  9]
61 [19 21  9]
62 [19]
63 [19  9 21]
64 [21 19  9 21]
65 [19  9  4]
66 [17 19 21]
67 [19]
68 [ 9 19]
69 [ 9 21 19]
70 [19 21]
71 [21  9 19]
72 [19 21  9 17]
73 [19  9  6]
74 [19  9  6]
75 [12 19 17]
76 [19 21 12]
77 [19  9  6]
78 [19 21 17]
79 [ 9 12]
80 [19]
81 [19]
82 [19  9]
83 [ 9 17]
84 [19]
85 [19 12  9 17]
86 [ 9 12 17]
87 [19 12]
88 [12]
89 [12 19]
90 [19 12]
91 [19  9]
92 [ 9 12]
93 [ 9 19]
94 [ 9 19]
95 []
96 [19 12 17  9]
97 [19  9]
98 [ 9 19]
99 [19  9]
100 [9]
101 [ 9 19 12]
102 [ 9 19]
103 [17 19]
104 [19 12 17]
105 [19]
106 [ 9 19 12]
107 [19  9 12]
108 [19]
109 [19 21  9]
110 [19  9]
111 [9 6]
112 [19  9  6 15]
113 [19  9 21]
114 [19  9 21]
115 [19  9 22]
116 [19  9]
117 [19  9]
118 [19  9]
119 [19]
120 [19]
121 [19  9]
122 [19  9]
123 [19  9]
124 [ 9 19 19 12]
125 [19]
126 [19  4]
127 [19  9]
128 [19  9]
129 [ 9 19]
