0 []
1 []
2 [1]
3 []
4 [8]
5 [8]
6 [17]
7 []
8 [34]
9 [1]
10 []
11 []
12 []
13 []
14 []
15 [17  3]
16 []
17 [12 17]
18 []
19 [17]
20 [17]
21 [17]
22 [17]
23 []
24 []
25 [3]
26 []
27 [17]
28 [3]
29 [17 26]
30 [12 17]
31 [17]
32 [12]
33 [17]
34 []
35 [17]
36 [17]
37 [17]
38 []
39 [9]
40 [17]
41 []
42 [12 17]
43 [17]
44 [12 17 34]
45 [17]
46 [17]
47 []
48 []
49 [17]
50 [17]
51 []
52 [17 34]
53 [34]
54 [34]
55 [17 34]
56 [12 17]
57 [17]
58 [3]
59 []
60 []
61 []
62 []
63 [3]
64 [17]
65 []
66 []
67 []
68 []
69 [17 12]
70 [17]
71 [17]
72 [17]
73 [17 34]
74 []
75 []
76 []
77 [17]
78 [17 34]
79 [17 34]
80 []
81 [17 34]
82 [17 34]
83 []
84 [17]
85 [7]
86 [9]
87 [12  9]
88 [17]
89 [17]
90 []
91 [17]
92 []
93 [17]
94 []
95 [3]
96 [17 12]
97 [34 17]
98 [12 34]
99 [17]
100 [17]
101 [17]
102 [17]
103 [17]
104 []
105 []
106 [17 34]
107 []
108 [17]
109 [17]
110 []
111 []
112 [17]
113 [17]
114 [17]
115 [17]
116 [12 17  3]
117 [12]
118 [17  3 12]
119 [12]
120 [34]
121 [34]
122 [17]
123 [17]
124 [7]
125 []
126 []
127 []
128 [34]
129 [34]
130 [17]
131 []
132 []
133 []
134 [17]
135 [12 17]
136 [12  9]
137 [17]
138 [34]
139 []
140 [ 7 34]
141 [7]
142 [9]
143 [17  9]
