0 []
1 []
2 []
3 []
4 []
5 []
6 [12]
7 [12 28]
8 []
9 [19]
10 [19]
11 [19]
12 [19]
13 []
14 [19]
15 [19]
16 [19  9]
17 [19]
18 [19]
19 [19]
20 []
21 [19]
22 []
23 []
24 [21 12]
25 [12]
26 [12]
27 [12]
28 [12]
29 [12]
30 [19 12 17]
31 [12 19  9]
32 [12]
33 [12]
34 [17  9 12]
35 [19 12  9]
36 [12 19]
37 [19 12]
38 [19 12]
39 [12]
40 [19 12]
41 [19  9 12]
42 [ 9 12]
43 [19 12]
44 [12]
45 [12 19]
46 [19 12  9]
47 [19 12]
48 [12]
49 [19 12]
50 [ 9 12 19]
51 [12]
52 [12  9]
53 [19 12]
54 [12]
55 [12]
56 [12]
57 [12 19]
58 [12 19]
59 [12 19]
60 [12]
61 [ 9 19]
62 [19]
63 [19 12]
64 [ 9 19]
65 [12]
66 [19 12]
67 [19  9 12]
68 [12]
69 [19]
70 [19  9]
71 []
72 []
73 [12]
74 [ 9 19]
75 [12  9]
76 [11]
77 [11]
78 [19 11]
79 [19 21 11]
80 [21 19 11]
81 [19 11]
82 [11 19]
83 [11 21]
84 [11 21]
85 [11 21]
86 [11 21]
87 [11 21]
88 [11 21]
89 [11]
90 [19]
91 [22 21]
92 [21 11 21 19]
93 [19 11]
94 [19 11 21]
95 [19 11]
96 [11]
97 [19 11]
98 [19 11 21]
99 [19 11]
100 [11]
101 [11]
102 [11 21 19]
103 [11 21]
104 [11 21]
105 [11 21 21]
106 [11 21 21]
107 [11 12 22]
108 [19 11 12]
109 [12 19]
110 [12 22]
111 [12 22]
112 [ 9 12 22]
113 [11]
114 [11 12]
115 [11]
116 [21 19]
117 [22]
118 []
119 [11]
120 [19 11 21]
121 [19 11]
122 [9]
123 [11 21]
124 [19]
125 [19]
126 [11]
127 [11]
128 [11]
129 [11]
130 [11 19]
131 [19 11]
132 [19]
133 [19 11]
134 [19 11]
135 [19]
136 [19]
137 [19 11]
138 [11]
139 [11 19]
140 [19 11]
141 [12]
142 [ 1 19]
143 [19 11]
144 [11]
145 []
146 []
147 [11]
