0 [19  9]
1 [19  9]
2 [19 12]
3 [19  9]
4 [9]
5 [9]
6 []
7 []
8 [9]
9 [ 9 19]
10 [19]
11 [19]
12 [19 12]
13 [12]
14 [19  1]
15 [19  1]
16 []
17 [19]
18 [19]
19 [19]
20 [19]
21 [19]
22 [19]
23 [19]
24 [19]
25 [19]
26 []
27 []
28 [ 9 21]
29 [19 21  9]
30 [19  9 22 21]
31 [19  9 21]
32 [1]
33 [1]
34 []
35 []
36 [19]
37 []
38 [2]
39 []
40 [19]
41 [19]
42 [19]
43 [19]
44 [19]
45 [19]
46 [19 19]
47 [19]
48 [19 19]
49 [19 19]
50 [19]
51 [19  6]
52 [19 12]
53 []
54 []
55 []
56 []
57 []
58 []
59 []
60 []
61 []
62 [12]
63 [6]
64 []
65 [19]
66 [19]
67 [19]
68 [19  3]
69 [19  3]
70 [19  3]
71 [3]
72 [3]
73 [12]
74 [21  9]
75 [ 9 12]
76 [ 9 12]
77 [12]
78 [12]
79 [12]
80 [12]
81 [19]
82 [19]
83 [19]
84 [19]
85 [19]
86 []
87 [19]
88 [19]
89 []
90 [12]
91 [9]
92 [19  9]
93 [9]
94 []
95 [6]
96 [19]
97 [19]
98 [19]
99 [19]
100 [19]
101 [19]
102 [19]
103 [19 19]
104 [19]
105 [19]
106 [19]
107 [19]
108 [19]
109 [19]
110 [19]
111 [19]
112 [19]
113 [19]
114 [19]
115 [19]
116 [19]
117 [19]
118 [19]
119 [19]
120 [19]
121 [19]
122 [19]
123 []
124 []
125 []
126 [19 12]
127 [19  9]
128 [ 9 12 19]
129 [19]
130 [ 9 19]
131 [ 9 19]
132 []
133 []
134 [19  3]
135 [19  3]
136 [19  3]
137 [19  3]
138 []
139 [ 6 17]
140 []
141 [19]
142 [19  6]
143 [19]
144 []
145 [19]
146 [19]
147 [19]
148 [19]
149 [19]
150 [19]
151 [19 12  1]
152 [19 12]
