0 []
1 [12]
2 []
3 [12]
4 []
5 [5]
6 [5]
7 [5]
8 []
9 []
10 []
11 []
12 []
13 [3]
14 [3]
15 [19  3 12]
16 [ 3 12]
17 [ 3 12]
18 [ 3 12]
19 [12]
20 [19]
21 [19 12]
22 [19 12]
23 [19 12]
24 [19 12]
25 [12]
26 [12]
27 [12]
28 [19]
29 [12]
30 [19 12 19]
31 [19 19 12]
32 [19 12]
33 [19 12]
34 [19 12]
35 [19 12  3]
36 [19  9]
37 [ 9 19]
38 [19]
39 []
40 []
41 [12]
42 [12]
43 []
44 [19]
45 []
46 [19]
47 [19]
48 [19 17  4  9]
49 [19  4]
50 [19]
51 [12]
52 [19 12]
53 [19 12]
54 [19 12]
55 [19]
56 [19 12]
57 [19 12]
58 []
59 [19]
60 [12 12]
61 [19 12]
62 [12 12]
63 [ 9 19 12]
64 [ 9 12 19 12]
65 [19 12 12]
66 [19 12]
67 [12 12]
68 [12 19]
69 [12 19 12]
70 [19 12]
71 [12]
72 [19 12 12]
73 [19 12]
74 [19 12  9 12]
75 [12  9 19  9]
76 [12 19]
77 [19 12]
78 [19 12]
79 [19 12]
80 [19 12  9 12]
81 [19 12 12]
82 [ 9 12 19]
83 [19  9 12]
84 [19  9 12]
85 [19 12 34]
86 [19  9 12  4]
87 [19 12  9]
88 [ 9 12 19]
89 [ 9 19]
90 [ 9 12 19]
91 [ 9 19 12]
92 [19  9 19 12]
93 [19  9 19 12]
94 [ 9 12  9]
95 [ 9 19 12]
96 [ 9 12]
97 [9]
98 [19 12]
99 [ 9 12]
100 [12]
101 [12]
102 [12]
103 [12]
104 [12]
105 [12]
106 [12]
107 [12]
108 [12 12]
109 [12 17]
110 [12  9]
111 [12 12]
112 [12 12 19]
113 [12 12 19  9]
114 [12 12  9]
115 [12 12 19]
116 [12 12 19]
117 [12 12 19]
118 [12 19]
119 [12 19]
120 [ 9 12]
121 [19 12]
122 [19 12]
123 [19 12]
124 [ 9 19 12]
125 [ 9 19]
126 [ 9 19]
127 [9]
128 [19]
129 [19 12 34]
130 [19 12 12]
131 [19 12 12]
132 [19 12]
133 [9]
134 [ 9  9 12]
135 [19]
136 [19]
137 [19 12]
138 [19  9 12 17]
139 [19 12 12 34]
140 [19]
141 [19 12]
142 [19 12  9]
143 [19  9 12]
144 [19]
145 [ 9  9 12]
146 [9 9]
147 [ 9  9 19 12 12]
148 [ 9 19  9 12 12]
149 [ 9  9 19]
150 [ 9  9 19]
151 [ 9 19  9]
152 [ 9  9 19]
153 [ 9  9 19]
154 [9 9]
155 [9]
156 [12]
157 [12]
158 [12]
159 [12]
160 [12]
161 [12]
162 [12]
163 [12]
164 [12]
165 [12]
166 [12]
167 [12]
168 [12]
169 [12]
170 [12]
171 []
172 []
173 [21]
174 [21]
175 [21 12]
176 [21]
177 [21]
178 [21]
179 [21]
180 [21]
181 [21]
182 [21]
183 [21]
184 [21]
185 [21]
186 [21]
187 [21]
188 [11 21]
189 [21 11]
190 [21]
191 [21]
192 [21]
193 [21]
194 [21]
195 [21]
196 [21]
197 [21]
198 [21]
199 [21]
200 [21]
201 [21]
202 [ 6 11]
203 [11]
204 [11]
205 [11]
206 [11]
207 [11]
208 [11]
209 [11]
210 [11]
211 [11]
212 [11]
213 [11 21]
214 [21]
215 [21]
216 [21]
217 [21]
218 [11]
219 [11]
220 [11]
221 [11]
222 [11]
223 [11]
224 [11]
225 [11]
226 [11]
227 [11]
228 [11]
229 [11 21]
230 [11 21]
231 [21]
232 [11 21]
233 [11 21]
234 [11 21]
235 [19 11 21]
236 [19 11]
237 [19 11 21]
238 [19 11]
239 [19 21]
240 [19 21 11]
241 [19 21 11]
242 [19 21]
243 [19 21]
244 [21 19]
245 [21]
246 [21]
247 [11 21]
248 [21]
249 [11 21]
250 [11]
251 [11  6]
252 [11  6]
253 []
254 []
255 []
256 []
257 []
