0 []
1 []
2 []
3 []
4 []
5 []
6 []
7 [19 19 19]
8 [21 19 19 28]
9 [19 19 19 12]
10 [19 19 19 12  9]
11 [19 19 19 19  9]
12 [19 19 19 19 12]
13 [19 19 19 19 19 19]
14 [19 19 19 19 19 19 19]
15 [19 19 19 19 11 19]
16 [19 19 19 11 22]
17 [19 19 19 19 11 22 21]
18 [19 19 19 19 19 19 19 10]
19 [19 19 19 19 19]
20 [19 19 19 12]
21 [19 19 19 19 12]
22 [19 19  9]
23 [19 19 19 19 21]
24 [19 19  9 19 19 19  4]
25 [19 19 19 19  9 19 19  4]
26 [19 19 19 19 19]
27 [19 19 19  9  4]
28 [19 19 19 19  4  9 19]
29 [19 19 19 19  4  9]
30 [19 19 19 19 19]
31 [19 19 19 19 19]
32 [19 19 19 19  9 19 12]
33 [19 19  9 12]
34 [19 19  9 19 19 12 19 19]
35 [19 19 12 19 19 19  9]
36 [19 19 19]
37 [19 19 12 19 12]
38 [19 19 19]
39 [19 21 19]
40 [19 19]
41 [2]
42 [19]
43 [1]
44 [9]
45 [1]
46 [ 1 19  2  9]
47 [19  2  1]
48 [19 19]
49 [19 19 12 19]
50 [19 19 12 19 19  9]
51 [19  9 19 19 21 12 19]
52 [19 19 19 19 19 21 19]
53 [19 19 19 19 12  9 19]
54 [19 19 19 12 19]
55 [19 19 19 19 12 21]
56 [19 19 19 12 19]
57 []
58 []
59 []
60 [9]
61 [ 9  9 17]
62 [9]
63 [19  9]
64 []
65 [19 12]
66 []
67 [12]
68 [ 9 19  9]
69 [9]
70 [ 9 19]
71 [19 19 19 19 19  9 19]
72 [19]
73 [12]
74 [12]
75 [12]
76 []
77 [19 19]
78 [12]
79 []
80 [19 12]
81 [12]
82 [19 12]
83 [19 19]
84 [19 19 19]
85 [19 19]
86 [19 19]
87 [19 19  1]
88 [19 19 21]
89 [19 19 21]
90 [19 19]
91 [19 19]
92 [19 19]
93 []
94 [12]
95 [12 19]
96 [12  9]
97 [ 9 12]
98 [ 9 12]
99 [9 1]
100 [9]
101 []
102 [19 19]
103 [19 19 19 19 19  9]
104 [19 19 19 19 19 19]
105 [19 19 19 19 19  9]
106 [19 19 19 19 19]
107 [19 19 19 19 19]
108 [19 19 19 19 19 19 19]
109 [19 19 19 19 19 19 22]
110 [19 19 19 19 19 19 21 19]
111 [19 22 19 19 19 19]
112 [19 19 19 19 34 19 19 19 19  4 28]
113 [19 19 19 19 19 10 19  9 21]
114 [19 19 19 19 19]
115 [19 19 19 19 19 19 19  4]
116 [19 19 19 19 19 21 22]
117 [19 19 19 19 37 21]
118 [19 19 19 19 29 19 19 21 37]
119 [19 19 19 19 19 29 19 19 22]
120 [19 19 19 19 19 19 29 22]
121 [19 19 19 21 19 19 29  1]
122 [19 10]
123 [19 19 12]
124 [19  6]
125 [19  9]
126 [19]
127 [19]
128 [19]
129 []
130 [19  1]
131 []
132 [19  1]
133 [1]
134 [19]
135 []
136 [12]
137 [12]
138 [9]
139 []
140 [19 19 12]
141 [12 19  9 19]
142 [19 12 19]
143 [19 19 12  9]
144 [19 12 19  9]
145 [19 19 19]
146 [ 9 12 19  2]
147 [12 19 19  9]
148 [12 19]
149 [12]
150 [12 19]
151 [19 19 12  4]
152 [19 19 12]
153 [19 12]
154 [19 11]
155 [19 19]
156 [19 19 11 12]
157 [11 19 19 12]
158 []
159 [2]
160 []
161 [19  2]
162 [2]
163 [2]
164 [2]
165 [2]
166 [2]
167 [2]
168 []
169 [2]
170 [21]
171 [19]
172 [19 19 19 19 12]
173 [19 19 19 19 19 19 12 19]
174 [19 19 19 19 19 12 19]
175 [19 19 19 19 19 12 19]
176 [19 19 19 19 19 19 12]
177 [19 19 19 19 19 12]
178 [19 19 19 19 12]
179 [19 19 19 19 12]
180 [19]
181 [12 21]
182 [12]
183 [11]
184 [12]
185 [12  9 19]
186 [12 19]
187 [19 12]
188 [12]
189 []
190 [12]
191 [12]
192 [12]
193 [12]
194 [12]
195 [12]
196 [12]
197 [12]
198 [19]
199 [12]
200 [12 19 19]
201 [12  9 19 19]
202 [ 9 12 21 19]
203 [ 9 21 12]
204 [12]
205 [19 21]
206 [19 11]
207 [19 21]
208 [19 12 21]
209 [19 12 21]
210 [19 12 21]
211 [11]
212 [21]
213 []
214 []
215 []
216 []
217 []
218 []
219 []
220 []
221 []
222 []
223 []
224 []
225 []
226 []
227 []
