0 []
1 []
2 []
3 []
4 []
5 []
6 []
7 []
8 []
9 []
10 []
11 []
12 [19 20]
13 [20]
14 []
15 [19]
16 [17]
17 []
18 [20 19]
19 [19]
20 [19]
21 [ 9 19]
22 [19 20]
23 [19 20]
24 [19]
25 [19]
26 []
27 []
28 []
29 [19 20]
30 [19]
31 []
32 []
33 [19]
34 [9]
35 [9 4]
36 []
37 [19 20]
38 [19 20]
39 [20]
40 [20]
41 [20]
42 [12 20  9]
43 [12 20  9]
44 []
45 [12  9]
46 [19 20  7]
47 []
48 [19]
49 []
50 [20]
51 []
52 []
53 [19 13 18]
54 [17  1]
55 [17  1]
56 [17]
57 []
58 []
59 []
60 []
61 []
62 [19 13 18]
63 [19]
64 []
65 [19 20]
66 [19]
67 [19 13]
68 [19 20 18]
69 []
70 [19]
71 []
72 [19 20]
73 [19  1]
74 []
75 [19]
76 [20]
77 [19 20]
78 [19 20]
79 [19 20 13]
80 [19 20]
81 [19 20]
82 [19 20]
83 [19 20]
84 [20]
85 [19 20]
86 [19 20]
87 [19 20 26]
88 [13]
89 [13]
90 [19 20]
91 [19 20]
92 [19 20]
93 [19 20]
94 [13]
95 [19 13 20]
96 [19 13 20]
97 [19]
98 [19]
99 [19 20]
100 [20]
101 [13]
102 [20 19]
103 [19 20]
104 [19 20]
105 [20 19]
106 [19 20]
107 [19 20]
108 [13 20]
109 [20]
110 [19 20]
111 [19 20]
112 [20 19]
113 [19 20]
114 [19 20]
115 [20]
116 [20]
117 [20 19 19]
118 [19 20 26]
119 [19 20]
120 [19]
121 [19 20]
122 [19]
123 [19 20]
124 [19 20]
125 [19 20]
126 [19 20]
127 [20]
128 [19 20]
129 [19]
130 [19 20]
131 [19]
132 [17]
133 [19]
134 [19]
135 [19]
136 [19]
137 []
