0 [19 19 19 12  9]
1 [19 19 19 21 12 34]
2 [19 19 21 19 12  9]
3 [19  9 19 12 19  4]
4 [ 9 19 19 19 12 34  9 17]
5 [ 9 19 19  9 12 17]
6 [ 9 12]
7 [ 9 12]
8 [ 9 12]
9 [9]
10 [ 9 12]
11 [12 19  9]
12 [ 9 12]
13 [ 9 12]
14 [9]
15 [ 9 19]
16 [9]
17 [ 9 19]
18 [19 12]
19 []
20 [9]
21 [19]
22 [19]
23 [19 19]
24 [19 19 12]
25 [19 19  9 12]
26 [19 19 12]
27 [19 12 19 21]
28 [19 12 19 12 34]
29 []
30 [19 12]
31 [19 12]
32 [19]
33 []
34 []
35 [19]
36 [19]
37 [19]
38 [19 12]
39 [19 19 12]
40 [12 23]
41 [ 3 23]
42 [3]
43 [3]
44 []
45 []
46 []
47 [12]
48 [12]
49 [12]
50 [12]
51 [12]
52 [12]
53 [12  3]
54 [28]
55 [22 12 19]
56 [12 11]
57 [3]
58 [12  3]
59 []
60 [9]
61 [3]
62 []
63 [21 12]
64 [19]
65 [21 12 19]
66 [19 12]
67 [12 12]
68 [12  9 12]
69 [ 9 12 12]
70 [ 9 12 12]
71 [12  9]
72 [ 9 12]
73 [ 9 12]
74 [12  9]
75 [12  9]
76 [ 3 12]
77 [3]
78 [3]
79 []
80 [19]
81 [ 9 19 19]
82 [19  9 12  3]
83 [19  9 12]
84 [19 12  3 12]
85 [19 12]
86 [19  9  3]
87 [19 12]
88 [19 12]
89 [19 12]
90 [19 12]
91 [9]
92 [ 9 12]
93 [ 9 12 19]
94 [ 9 19 19 12]
95 [19 19  9 12 15]
96 [19 19 21  9]
97 [ 9 21 12  9  9]
98 [12 19 34]
99 [12 34]
100 [19 12 34  9]
101 [19  9  9 34]
102 [ 9 19  9]
103 [19  9 19 34  1  9]
104 [34]
105 [19 12 34]
106 [19 12 19 17 34]
107 [19  9 12 19 34]
108 [19 19 12 12 34]
109 [19 12  9 19  9]
110 [ 9 19 12  9]
111 [12 19 34 17]
112 [12 19 34 19  9]
113 [12 19 12  9]
114 [ 9 19 12]
115 [ 9 19 12 19 34 12]
116 [12 19  9 34]
117 [19 12  9  9 34]
118 [19 12  9]
119 [19 12  9 17]
120 [12 19  9 17]
121 [19  9 12 12  9]
122 [ 9 12]
123 [ 9 19 19]
124 [19 19  9 12]
125 [19 19]
126 [19]
127 [12 19]
128 [12 12]
129 [9]
130 [19 12]
131 [19 19 34 12 12  9]
132 [19 19 12 12]
133 [19]
