0 [1]
1 []
2 []
3 []
4 []
5 []
6 []
7 []
8 [15]
9 []
10 [15]
11 [15]
12 []
13 [15]
14 [15]
15 [15]
16 [19 37]
17 [19 37]
18 [19]
19 [19 37]
20 [19 37]
21 [12]
22 []
23 []
24 []
25 []
26 []
27 [2]
28 []
29 []
30 [15]
31 []
32 [2]
33 []
34 []
35 []
36 [2]
37 []
38 [19]
39 [19]
40 [19]
41 [19]
42 [19]
43 [19]
44 [19]
45 [13]
46 [13]
47 [19]
48 [19 19]
49 [19]
50 [19]
51 [19]
52 [19]
53 [19]
54 [19]
55 [19]
56 [19]
57 [19 19]
58 [12]
59 [17]
60 []
61 []
62 [12]
63 [12]
64 [12]
65 [3]
66 [3]
67 [3]
68 [1]
69 []
70 []
71 []
72 []
73 [3]
74 [3]
75 [3]
76 []
77 []
78 []
79 []
80 [21]
81 [12]
82 [21 12]
83 [12 21]
84 [12]
85 []
86 [12]
87 []
88 [12]
89 []
90 []
91 [12]
92 [12 19]
93 [12]
94 [19 12]
95 [12]
96 [12]
97 []
98 []
99 [19]
100 []
101 []
102 []
103 [9]
104 []
105 []
106 []
107 []
108 [12]
109 [12]
110 [12]
111 [12]
112 [12]
113 [3]
114 [3]
115 [12]
116 []
117 [12]
118 []
119 []
120 []
121 [2]
122 [2]
123 [2]
124 [2]
125 [2]
126 [2]
127 [ 2 15]
128 [12]
129 [12]
130 []
131 [12]
132 []
133 []
134 [12]
135 []
136 []
137 []
138 []
139 []
140 []
141 [1]
142 [1]
143 [1]
144 []
145 []
146 []
147 [2]
148 []
149 [20 19 15]
150 [20 19 11]
151 [19 20 11]
152 [19 20 15 11]
153 [20 19 15]
154 [19 20 15]
155 []
156 [1]
157 []
158 []
159 []
