0 [19 19]
1 [19 19]
2 [19 19]
3 [19 19 21]
4 [19 19]
5 [19 19]
6 [19 19 15]
7 [19 19 21]
8 [19 19 21]
9 [19 19 21 15]
10 [19 19]
11 [19 19]
12 [19 19  1 21]
13 []
14 []
15 []
16 []
17 [3]
18 [19]
19 [19]
20 [19]
21 [19]
22 [19]
23 [19]
24 [19]
25 [19]
26 [19]
27 [19]
28 [19]
29 [19]
30 [19]
31 [19]
32 [19]
33 [21 19 26 21]
34 [19 21 21 22]
35 [19 21 21]
36 [19 21 21]
37 [19 21 21 22]
38 [21]
39 [21]
40 [21]
41 [21 27]
42 [21 27]
43 []
44 []
45 []
46 []
47 []
48 []
49 []
50 []
51 []
52 []
53 []
54 []
55 []
56 []
57 [21]
58 [21 21]
59 [21]
60 []
61 [3]
62 [3]
63 [3]
64 [3]
65 [3]
66 []
67 []
68 []
69 []
70 [12]
71 []
72 [19]
73 [19]
74 []
75 []
76 []
77 []
78 []
79 [19]
80 [19]
81 [19]
82 [19]
83 [19]
84 [19]
85 [12]
86 []
87 []
88 []
89 []
90 []
91 [19]
92 [19]
93 [19]
94 [19]
95 [19]
96 [19]
97 [19]
98 [23 21 23 23 23]
99 [21 23]
100 [21 23 21 23]
101 [23 21 23 23]
102 [23 21 23]
103 []
104 [19]
105 [19]
106 [19]
107 [19]
108 [19]
109 [23]
110 [23 21]
111 [23]
112 [23]
113 [23]
114 []
115 []
116 []
117 []
118 []
119 [37  3 19 37]
120 [37 37 37  3]
121 [37  3 37 37]
122 [37 37  3 37]
123 [19]
124 [19]
125 [19]
126 [19]
127 [19]
128 [19]
129 [19]
130 [19]
131 [19]
132 [19]
133 [19]
134 [19]
135 [19]
136 [19]
137 [19]
138 [19]
139 [19]
140 [19]
141 [19]
142 [19]
143 [19]
144 [19]
145 [19]
146 [19]
147 [19]
148 [19]
149 [19]
150 [19]
