0 [28]
1 [28]
2 []
3 [15]
4 [28]
5 [9 7]
6 [15]
7 []
8 []
9 []
10 []
11 [28]
12 [15 19]
13 []
14 [28]
15 []
16 [15]
17 [28]
18 [15]
19 [15]
20 [2]
21 []
22 [28  1]
23 [15  1]
24 [16]
25 []
26 [17]
27 []
28 []
29 [28]
30 [15  1 27 28]
31 []
32 [15]
33 []
34 []
35 [28 17]
36 [9]
37 [7]
38 [ 7 17]
39 [7]
40 [17]
41 []
42 [15]
43 [1]
44 []
45 []
46 [15]
47 []
48 [15]
49 [15]
50 []
51 [1]
52 []
53 []
54 []
55 [28]
56 []
57 [28]
58 []
59 [28]
60 [28]
61 [28]
62 [28]
63 [28]
64 [28]
65 [28]
66 [28]
67 [1]
