0 []
1 []
2 []
3 []
4 [28]
5 [28 37]
6 [28]
7 [28 37]
8 [28]
9 [28]
10 [37 27 28]
11 [28]
12 [28]
13 [28 37 37]
14 [28 37 27]
15 [28]
16 [37]
17 [37 28]
18 [19 28 19 37 26]
19 [19 28 19 19 37]
20 [19 19 37 19  2]
21 [19]
22 [19 19 28]
23 [19]
24 [19]
25 [19 19]
26 [19 15  9]
27 [19]
28 [19  2]
29 [19]
30 [21 19]
31 [19]
32 [6]
33 [21  6 11]
34 [11  6]
35 [11  6]
36 [11]
37 [19  6 11]
38 [ 6 11]
39 [6]
40 [ 6 11]
41 [ 6 11]
42 [11]
43 [11 37]
44 [11]
45 [11 19]
46 [11 19 21]
47 [19 11 21 22]
48 [19 11]
49 [ 6 19 11]
50 [19  6]
51 [ 6 11]
52 [6]
53 [11 19]
54 [11  6]
55 [6]
56 [6]
57 [6 6]
58 [6 6]
59 [6 6]
60 [11 21]
61 [11]
62 [11 37]
63 [11 19]
64 [11  6]
65 [ 6 19]
66 [19  6]
67 [2]
68 [ 6 19]
69 [19  6 19 19 19]
70 [19  6]
71 [19  6 11 21]
72 [19 21  6 22 11]
73 [19 11 22  6]
74 [19 22  6 11]
75 [19 11 22  6]
76 [19  6 11 22]
77 [ 6 19]
78 []
