0 [19  9]
1 [ 9 19 12]
2 [9]
3 [ 9 19]
4 [19  9]
5 []
6 []
7 []
8 []
9 [11]
10 []
11 [ 9 19]
12 [ 9 19]
13 []
14 []
15 []
16 []
17 []
18 []
19 [19]
20 [12]
21 [12]
22 [19  9]
23 [19 12  9]
24 [ 9 19]
25 [ 9 12]
26 [9]
27 [9]
28 [9]
29 [9]
30 [19  9]
31 [ 9 12]
32 [19]
33 [19]
34 []
35 []
36 []
37 [19]
38 [19 11]
39 [19 11]
40 [19]
41 []
42 [ 9 12]
43 [ 9 19 11]
44 [9]
45 [19  6]
46 [19  6 12]
47 [19 12  9  6]
48 [19  6 12  9]
49 [19]
50 [9 6]
51 [ 6 19]
52 [19]
53 [19  9]
54 [19]
55 [11]
56 []
57 []
58 [19  6]
59 [ 9 19]
60 [19]
61 [19  9]
62 [19]
63 [19]
64 []
65 []
66 []
67 [6]
68 [19  6 20]
69 [19  9]
70 [19 34]
71 [19 12]
72 [19]
73 [19 12]
74 [19]
75 [19]
76 [19 34 12]
77 []
78 [19  9 12]
79 [19 12]
80 [19 21 12]
81 [19 34 12]
82 [19 34 12]
83 [19 12]
84 [19 12 34]
85 [19 12]
86 [19 12]
87 [19 12]
88 [19 21 12  9]
89 [19 12  9 21]
90 [19  9 12]
91 [19 12]
92 [19 12]
93 [19 12]
94 [19  9]
95 [19 21 12]
96 [19 34]
97 [19]
98 [19]
99 [ 9 21 12]
100 [19  9]
101 [19  9]
102 [19 21  9 12]
103 [19  9]
104 [19  9 34]
105 [19]
106 [19 19  9]
107 [19]
108 [19]
109 [19 12 34]
110 [19]
111 [19 20]
112 [19  9  6]
113 [19]
114 []
115 []
116 []
117 []
118 [23]
119 [3]
120 [19 21 12]
121 [12 19  9]
122 [19 21 12  9]
123 [19 12 21]
124 [19 12]
125 [19 12 21 21]
126 [12 19]
127 [19 12 34]
128 [12 19]
129 [19 12]
130 [12  9 12]
131 [19 12 21]
132 [19 12  9]
133 [19 12]
134 [12 19  9 34]
135 [19 34 12]
136 [19 12 34]
137 [19 34 21]
138 [19 12]
139 [19 12]
140 [19 12]
141 [12 19]
142 [19 12 21]
143 [19 12]
144 [19 12 19]
145 [19 12 21  9]
146 [19 12]
147 [19 12 34]
148 [19 12]
149 [19 12]
150 [19 12]
151 [19 12]
152 [19]
153 [19 12]
154 [19 12]
155 [19]
156 [19 34]
157 [19 34]
158 [19 12 34]
159 [19 21]
160 [19 21]
161 [19  9]
162 [19]
163 [19]
164 [19 12]
165 [19]
166 [19]
167 [19]
168 [19]
169 [19  9]
170 [19]
171 [19]
172 [21  9 19]
173 [19]
174 [19]
175 [19 12]
176 [19]
177 [19 34]
178 [19]
