0 []
1 []
2 []
3 []
4 []
5 [19 12  9]
6 [19]
7 [19  9]
8 [19  9]
9 [19  9]
10 [19  9]
11 [ 9 19]
12 [ 9 12  9]
13 [9 9]
14 [9]
15 [ 9 12]
16 [ 9 12  9]
17 [ 9 12  9]
18 [ 9 12]
19 [9]
20 [12]
21 [19 12  9 19]
22 [ 9 12  9]
23 [ 9 12]
24 [9]
25 [ 9 12 12]
26 [ 9 12 12]
27 [ 9 19]
28 [ 9 19]
29 [12  9 19  9]
30 [12]
31 [ 9 19 12]
32 [ 9 19]
33 [ 9 19 12]
34 [19  9]
35 [ 9 12]
36 [ 9 19]
37 [ 9 19]
38 [19  9 34]
39 [9]
40 [9]
41 [ 9  9 12]
42 [9 9]
43 [ 9 19]
44 [ 9 19 12]
45 [ 9 12]
46 [ 9 21 12]
47 [ 9 12]
48 [9]
49 [9]
50 [ 9 19 12]
51 [ 9 12 19]
52 [19  9]
53 [19  9]
54 [ 9 19]
55 [19  9 12]
56 [ 9 19  9]
57 [ 9 12 19]
58 [19  9 12]
59 [ 9 12]
60 [ 9 12  9]
61 [ 9 19 12]
62 [19  9 12]
63 [ 9 19 12  9]
64 [ 9 19 12  9]
65 [ 9 19]
66 [ 9 19 21]
67 [ 9 21 19]
68 [ 9 19 21 12]
69 [ 9 19]
70 [19  9 12]
71 [ 9 19 12]
72 [ 9 19]
73 [ 9 12]
74 [19  9  9]
75 [12 19  9]
76 [19  9 12]
77 [19  9 12]
78 [19  9]
79 [ 9 19 12]
80 [9]
81 [19  9 12]
82 [ 9 19 12]
83 [19  9 12]
84 [19  9 12]
85 [19  9 12]
86 [19 12  9]
87 [19 12  9]
88 [19  9 12]
89 [ 9 19]
90 [ 9 19  9]
91 [ 9 19]
92 [21  9 19 21]
93 [19 21  9]
94 [19  9]
95 [9 9]
96 [9 9]
97 [9 9]
98 [9]
99 [ 9 12]
100 [ 9 21]
101 [ 9 19]
102 [ 9 19]
103 [9]
104 [19  9]
105 [9]
106 [ 9 19]
107 [19  9]
108 [9]
109 [ 9 19]
110 [9 9]
111 [9]
112 [ 9 21]
113 [ 9 21 19]
114 [9]
115 [9 9]
116 [9]
117 [ 9 12]
118 [9]
119 [9]
120 [9]
121 [9]
122 [21 12  3]
123 [21 21 12]
124 [21 21 12]
125 []
126 [ 9 12  9]
127 [19  9 12]
128 [19  9 12]
129 [19]
130 [19 12 26]
131 [19  9 12]
132 [19 17 12]
133 [19  9]
134 [19  9]
135 [19  9]
136 [19  9]
137 [19  9]
138 [19  9]
139 [19  9]
140 [19 12]
141 [19  3]
142 [19]
143 [19 17  3  4]
144 [19 17 12  4]
145 [19 17  4]
146 [19 12  9  3]
147 []
148 []
149 []
150 []
151 []
