0 []
1 []
2 []
3 []
4 []
5 []
6 []
7 []
8 []
9 []
10 []
11 []
12 []
13 []
14 [27]
15 []
16 [27]
17 [27  2]
18 [27]
19 [27]
20 [27]
21 [3]
22 [3]
23 [3]
24 []
25 [19 19]
26 [19 19]
27 [19 19]
28 [19 19]
29 [19 19]
30 [19 12]
31 [9]
32 [19 19 12  9]
33 [ 9 19 19]
34 [27]
35 [2]
36 [12 21]
37 [21]
38 [ 3 17]
39 [11]
40 [19  3]
41 [19 19]
42 [19 19]
43 [19 19]
44 [19]
45 [12]
46 [12]
47 [19]
48 [19]
49 [19]
50 [ 9 19]
51 [19]
52 [19]
53 [9]
54 [11  9]
55 []
56 [9]
57 [2]
58 []
59 [19]
60 [17]
61 [ 9 19]
62 [12 19 17  9]
63 [12  9]
64 [12 17  9]
65 [12 17]
66 [19 12]
67 [19 12]
68 [19 12]
69 [19]
70 [19]
71 [19]
72 []
73 [11]
74 []
75 []
76 [19 17]
77 [17 19 12]
78 [19]
79 [19]
80 [ 1 27]
81 [19]
82 []
83 []
84 [19]
85 [19]
86 [19]
87 []
88 [9 9]
89 []
90 [12]
91 [19]
92 [2]
93 [19]
94 [12  9]
95 [12  9]
96 [ 9 12]
