0 [12]
1 [19  9]
2 [19 12]
3 [12]
4 [19 17]
5 [12]
6 [19  9 17 12]
7 [19 17]
8 [19]
9 [19 17]
10 [19]
11 [19  9]
12 [19  9 12]
13 [19 12]
14 [19  9]
15 []
16 [19  9]
17 [19 12]
18 []
19 [19 17]
20 [19]
21 [19 17  9]
22 [19 17  9]
23 [19 17  9]
24 [19 12]
25 [19]
26 [19 17  9]
27 [19 12]
28 [19 17]
29 [19 12]
30 [19  9]
31 [19  1]
32 []
33 [19  9]
34 [19]
35 [19 17]
36 [19 17  9]
37 [19]
38 [19 12]
39 [19  9]
40 [19 17 12]
41 [19  9 12 17]
42 [19 34 12]
43 [ 9 19 12]
44 [19]
45 [19  9 17  1]
46 [19 21]
47 [19 34 12]
48 [19  9 34]
49 [19  9]
50 [19  9 17]
51 [19  9 17]
52 [19]
53 [19 17]
54 [19]
55 []
56 [19]
57 [19 17  9]
58 [19]
59 [19 34]
60 [19  9  9]
61 []
62 [9]
63 []
64 [19 12]
65 [19]
66 [19  9 12]
67 [9]
68 [19]
69 [12]
70 [19  9]
71 [19 34  9 17]
72 [19]
73 []
74 [19  9 34]
75 [9]
76 [19 12]
77 [12]
78 [12]
79 [19  9]
80 [19 34 12]
81 [19 34  9]
82 [19 12]
83 [ 9 19]
84 [12]
85 []
86 [19]
87 []
88 []
89 []
90 []
91 []
92 []
93 []
94 [19]
95 []
96 []
97 []
98 [19]
99 [12]
100 []
101 [12]
102 []
103 []
104 []
105 []
106 []
107 []
108 []
109 [19]
110 []
111 []
112 []
113 []
114 []
115 [19]
116 []
117 []
118 []
119 [12]
120 [21]
121 [21 21 21 21]
122 [21 21 12]
123 [21 21 21]
124 [21]
125 [19]
126 [19]
127 []
128 [19]
129 [12]
130 [19 17]
131 [19]
132 []
133 [19 17]
134 []
135 [19]
136 [19  9 17]
137 []
138 []
139 [19  2]
140 [19]
141 []
142 []
143 [19  9 21 17]
144 [19]
145 [19 17]
146 [19]
147 [19 12  9]
148 [19]
149 []
150 []
151 [19]
152 [19 17]
153 []
154 []
155 [19 17]
156 [19]
157 [19]
158 [19 17]
159 [19 12]
160 [19]
161 [19  9 17]
162 [19]
163 [19]
164 [19]
165 [19]
166 [19  9]
167 [19 34]
168 [19]
169 [19]
170 [19]
171 [19]
172 [19]
173 []
174 []
175 []
176 []
177 []
178 []
179 []
