0 []
1 []
2 [19 19  9 34]
3 [ 9 19]
4 [ 9 19]
5 [ 9 19]
6 [ 9 19]
7 [9]
8 []
9 []
10 []
11 [19]
12 [19]
13 [19 34]
14 [19  3]
15 [19  3 34]
16 [19  3 34]
17 [19  3 34]
18 [19  3]
19 [19  3]
20 [19  3]
21 [3]
22 [19]
23 [19]
24 [19]
25 []
26 [19 17]
27 []
28 []
29 []
30 [1]
31 [1]
32 [1]
33 []
34 []
35 [17 19]
36 []
37 []
38 []
39 []
40 [1]
41 [ 9 15]
42 []
43 []
44 []
45 [9]
46 [15]
47 []
48 [34]
49 [34]
50 []
51 []
52 [ 1 17]
53 [1]
54 [17]
55 [17  1]
56 [17]
57 []
58 []
59 [19]
60 [19 17]
61 [19 17]
62 [19]
63 [19]
64 [19]
65 [1]
66 [15]
67 [15]
68 [15  1]
69 [1]
70 [1]
71 [1]
72 []
73 [1]
74 [15]
75 []
76 []
77 []
78 [19]
79 [19]
80 [19  1]
81 [17]
82 [19 17]
83 [1]
84 [1]
85 [17]
86 []
87 []
88 [1]
89 [15 19]
90 [19  9]
91 [19  9 17]
92 [19  1 17]
93 [19  9]
94 [19]
95 [19]
96 [19]
97 [19]
98 [34]
99 [ 9 15]
100 [19 38]
101 [19 19]
102 [19  3 34]
103 [19  3]
104 [19  9 34  3]
105 [19  9  9]
106 [19  9]
107 [19  9]
108 [19  9]
109 [19  3]
110 [19  3]
111 [19  3 17]
112 [19  3 17]
113 [19  3 17]
114 [19  3 34 34]
115 [19  3 34]
116 [19  3 34]
117 [19  3 34]
118 [19  3 34]
119 [19  3 34]
120 [19  3]
121 [19  3 34]
122 [19 34  3]
123 [19 34  3]
124 [19  3]
125 [19 21  3]
126 [19 34  3]
127 [19 34 34  3 21]
128 [19  3 21]
129 [19 21  3 34]
130 [19 21 34  3 21]
131 [19  3 21 34]
132 [19  3 21]
133 [19  3 21]
134 [19 21  3 21]
135 [19 21  3]
136 [19 21  3 34]
137 [19 21  3]
138 [3]
139 [3]
140 [ 3 19]
141 [3]
142 [3]
143 [3]
144 [3]
145 [3]
146 [3]
147 [3]
148 [3]
149 [3]
150 [3]
151 [3]
152 [ 3 19]
153 [3]
154 [3]
155 [19  3]
156 [19  3]
157 [19  3]
158 [19  3 21]
159 [19  3 21]
160 [19  3 21]
161 [19  3]
162 []
163 []
164 []
165 [3]
166 [19 34  3]
167 [19  3]
168 [19 21  3]
169 [19  3]
170 [3]
171 [3]
172 []
173 []
174 [3]
175 [3]
176 [3]
177 [3]
178 [3]
179 [3]
180 [3]
181 [3]
182 [3]
183 [ 9 19 17]
184 [3]
185 [3]
186 [17]
187 []
188 []
189 []
190 []
191 []
192 []
193 []
194 []
