0 [19 19 19  9]
1 [19 19 19]
2 [19 19 19]
3 [19 19 19]
4 [19 19 19]
5 [19 19 19 12]
6 [19 19 19 12]
7 [19 19]
8 [19 19 21 30]
9 [19 19 19]
10 [19 19 19]
11 [19 21 19 19]
12 [19 19 19]
13 [19 19 19]
14 [19 19 19  9  1]
15 [19 19 12]
16 [19 19 12]
17 [19 19]
18 [19 19 12]
19 [19 19 12]
20 [19 19 12]
21 [19 19 19]
22 [19 19 12 19]
23 [19 19 19]
24 [19 19 19]
25 [19 37]
26 [19]
27 [19]
28 [19]
29 [19]
30 [19]
31 [19 19]
32 [19 19 19]
33 [19 19]
34 [19]
35 [19 19 19]
36 [19]
37 [19 19]
38 [19 19]
39 [19 19]
40 [19 19  1]
41 [19 12]
42 [19 19 19]
43 [19 19 19 26]
44 [19 19]
45 [19 19]
46 [19 19]
47 [19 19]
48 [19 19 19 26]
49 [19 19  9 17]
50 [19  2]
51 [17]
52 [19  3]
53 [3]
54 [19]
55 [3]
56 [3]
57 [3]
58 []
59 []
60 []
61 []
62 []
63 []
64 []
65 []
66 []
67 []
68 []
69 []
70 []
71 []
72 []
73 []
74 []
75 []
76 []
77 []
78 []
79 []
80 []
81 []
82 []
83 []
84 []
85 []
86 []
87 []
88 []
89 []
90 []
91 []
92 []
93 []
94 []
95 []
96 []
97 []
98 []
99 []
100 []
101 []
102 []
103 []
104 []
105 [19]
106 []
107 []
108 []
109 [19 11]
110 [19 11]
111 [19]
112 [19 19]
113 []
114 [19]
115 []
116 [ 2 19]
117 [19  2]
118 [19  2]
119 [19 19 19]
120 [19 19 19]
121 [19 19 19]
122 [19 19 19]
123 [19 19 19]
124 [19 19 19]
125 [19 19 19]
126 [19 19 12 19]
127 [19 19 12 19]
128 [19 19 12]
129 [12  9 19]
130 [12 19  9 12 19]
131 [19 12 19 21]
132 [19 12 19  9]
133 [19 12 19]
134 [12 19 19]
135 [19 12 19 12  9]
136 [ 9  9 19 12 17]
137 [19 12 21]
138 [ 9 12  9]
139 [19 17  9]
140 [12]
141 [19 19 12]
142 [19 19 12]
143 [19 12]
144 [19]
145 [ 9 19 12 19]
146 [19 19]
147 [21]
148 [19 19]
149 [19 19  9]
150 [ 9 19 19]
151 [19 12 37]
152 [19  9]
153 []
154 [12]
155 [19 12]
156 [ 9 12 19]
157 [19]
158 [19  9]
159 [ 9 19 17]
160 [19 19]
161 [19 17 19]
162 [19]
163 [19 19]
164 [19  9]
165 [19]
166 [19]
167 [ 9 19 12]
168 [ 9 19 12]
169 [19  9 12 12]
170 [19 12]
171 [19]
172 [19 12]
173 [19 12]
174 [19  9]
175 [19 12]
176 [19]
177 [9]
178 [19  9 17]
