0 [4]
1 [19 21]
2 [19]
3 [19]
4 [19]
5 [9 1 4]
6 [9]
7 [9]
8 [ 9 19]
9 [9]
10 [9]
11 [ 9 21]
12 [9]
13 [9]
14 [9]
15 [9]
16 [9]
17 [9]
18 [9]
19 []
20 []
21 [19  9]
22 [ 9 19]
23 [ 9 19]
24 [19 12]
25 [19]
26 [12 19]
27 [19 12  9]
28 [ 9 12 19]
29 [12 19]
30 [19 12]
31 [12  9 19]
32 [ 9 12]
33 [12 19]
34 [19 12  9]
35 [12  9]
36 [ 9 12 19]
37 [19 12]
38 [12 19  9]
39 [ 9 12]
40 [ 9 12  9]
41 [19  3]
42 [19  3]
43 [19  3]
44 [19  3  9]
45 [19  3]
46 [19  3]
47 [19  3]
48 [ 9 19  3]
49 [19  3 34]
50 [19  3]
51 [ 9 19  3]
52 [19  9  3]
53 [ 9 19  3]
54 [19  9  3]
55 [ 9  3 19]
56 [19  3  9]
57 [19  9  3]
58 [19  9  3]
59 [19  3  9]
60 [19  3  9]
61 [ 9 19  3]
62 [19  9  3]
63 [19  9  3]
64 [19  9  3]
65 [19  3  9]
66 [19  9  3]
67 [19  9  3]
68 [ 9 19  3]
69 [ 9 19  3]
70 [19  9  3]
71 [ 9  3 19]
72 [19  3  9]
73 [19  3  9]
74 [19  3  9 34]
75 [ 3 19]
76 [19  3 34]
77 [ 9 19  3]
78 [19  3]
79 [19  3 34]
80 [3]
81 [19  3]
82 [19  3  9]
83 [19  3]
84 [19  3 34  9]
85 [19  3 34  9]
86 [19  3  9 34]
87 [ 9 19 12]
88 [ 9 12]
89 [ 9 12]
90 [ 9 12]
91 [19  9 12]
92 [12  3]
93 [19 12]
94 [19 12 34  9]
95 [ 9 12]
96 [ 9 12]
97 [ 9  9 19]
98 [9]
99 [19  3]
100 [19  3]
101 [19  3 21]
102 [ 9 19 12  3]
103 [19  3]
104 [19  3]
105 [19  3]
106 [ 9 19  3]
107 [ 9 12]
108 [ 9 21 12]
109 [ 9 12]
110 [ 9 12]
111 [19  9]
112 [ 9 12 21]
113 [ 9 12]
114 [ 9 12  9]
115 [ 9 12]
116 [9]
117 [9]
118 [12 19]
119 [19  9  3]
120 [ 3 21]
121 [ 9 12  3]
122 [ 9 12]
123 [ 9 12]
124 [ 9 12]
125 [ 9 12]
126 [ 9 12]
127 [ 9 12  9]
128 [ 9  9 12]
129 [9]
130 [9]
131 [ 9 12]
132 [9]
133 [9]
134 [ 9 12]
135 [9]
136 [ 9 12]
137 [ 9 19 12]
138 [9]
139 [9]
140 [ 9 12 19]
141 [19 21]
142 [19]
143 [19 12]
144 [19]
145 [19]
146 [19  9]
147 [19 12]
148 [19]
149 [9]
150 [ 9 12]
151 [19]
152 [9 3]
153 [19  3]
154 [19  3]
155 [19  3  9  1]
156 [19  3]
157 [3]
158 [3]
159 [ 9 12  3]
160 [19]
161 [ 9 12]
162 [9]
163 []
164 []
165 []
166 []
167 []
168 []
169 []
