0 []
1 []
2 []
3 []
4 []
5 []
6 []
7 []
8 []
9 []
10 []
11 [9]
12 [ 9 12]
13 [ 9 12]
14 [12 19]
15 [ 9 12]
16 [ 9 12 19]
17 [ 9 12]
18 [ 9 12]
19 [12]
20 [12  9]
21 [19 12]
22 [19 12]
23 [19 12]
24 [19 12]
25 [19 12]
26 [19 12]
27 [19 12]
28 [19 12]
29 [19 12]
30 [ 9 19 12]
31 [ 9 12]
32 [12 19  9]
33 [12  9]
34 [19  3  9]
35 [ 9 12  3]
36 [ 9 19  3]
37 [19 34 17]
38 [19  9 12]
39 [ 9 19 12]
40 [19 12]
41 [ 9 19 12]
42 [ 9 19 12  3]
43 [19  9]
44 [ 9 19]
45 [ 9 19 12 17]
46 [ 9 12 19]
47 [9]
48 [9]
49 [ 9 12]
50 [ 9 12]
51 [ 9 12]
52 [ 9 12]
53 [ 9 12]
54 [ 9 12]
55 [12]
56 [19 12]
57 [19 12]
58 [19 12  9]
59 [19 12  3]
60 [19]
61 [19]
62 [3]
63 [3]
64 [3]
65 []
66 []
67 []
68 []
69 [19 20]
70 [19]
71 [19]
72 [19]
73 [19]
74 [19]
75 [19]
76 [19]
77 [19]
78 [19]
79 [19]
80 [19]
81 [19]
82 [19]
83 [19]
84 [19]
85 [19]
86 []
87 [3]
88 []
89 []
90 []
91 [3]
92 [19]
93 [19]
94 [19]
95 [19]
96 [19]
97 [19]
98 [19]
99 [19]
100 [3]
101 [3]
102 [3]
103 []
104 [12]
105 []
106 []
107 []
108 []
109 []
110 []
111 [ 9 19 12]
112 [17]
113 [19 12]
114 [19  9]
115 [ 9 19]
116 [ 9 19 12  3]
117 [19 19]
118 [19  9]
119 [19  9]
120 []
121 [12 19  9]
122 [19  9 12]
123 [12 19  9]
124 []
125 []
126 [19  3]
127 []
128 [19]
129 []
130 []
131 []
132 []
133 []
134 []
135 []
