0 [19 26 19 22]
1 [26 20]
2 [26]
3 [26 22]
4 [19 26 22]
5 [19 26]
6 [19 26 22]
7 [19 26 19]
8 [19 26 22]
9 [19 26 22]
10 [19 26 19]
11 [19 26]
12 [26 22]
13 [19 26]
14 [19 26 22]
15 [19 19 26 22]
16 [19 26 22]
17 [19 26 22]
18 [19 26]
19 [19 26 22]
20 [19 26 22]
21 [19 26 22]
22 [19 26]
23 [19 26]
24 [19 26 19]
25 [26 22]
26 [19 26 22]
27 [19 26 28]
28 [26 22 19]
29 [22 26]
30 [26 22 19]
31 [26 19 22]
32 [26 22]
33 [28 26 22]
34 [19 26 28]
35 [28 19 26]
36 [19 28 26 22]
37 [19 19 22 26]
38 [19 22 28 26]
39 [26 22]
40 [26 22]
41 [19 26 22]
42 [19 26 22]
43 [19 26]
44 [26 19 22]
45 [28 26 22]
46 [19 26 22]
47 [19 26 22 21 19 28]
48 [19 26 22 19 28]
49 [19 26 22]
50 [19 26 22]
51 [26 22]
52 [26 19]
53 [19 26 26]
54 [26 22]
55 [19 26 22]
56 [19 26 22]
57 [19 26 22]
58 [19 26 22]
59 [26]
60 [26 22]
61 [26 28 22]
62 [26 19]
63 [26 19 19 22]
64 [26 22]
65 [19 19 26]
66 [19 19 26]
67 [26]
68 [19 26]
69 [19 26 22]
70 [19 26 26]
71 [19 26]
72 [19 26 22 21]
73 [26 22]
74 [26 19]
75 [26 19 22]
76 [26 22]
77 [26]
78 [19 26 22]
79 [26 22]
80 [19 26 22]
81 [19 26 22]
82 [19 26 22]
83 [19 26 22]
84 [19 26 19]
85 [28 19 26 22]
86 [19 21 26 19 22 28]
87 [19 22 26 19]
88 [19 26 22]
89 [19 26 22]
90 [26]
91 [19 26 22]
92 [19 26 22]
93 [19 26 22]
94 [26]
95 [26 19]
96 [26]
97 [26 22]
98 [26]
99 [26 19]
100 [19 26 21 19 22]
101 [19 26 19 22]
102 [26 22 19]
103 [26 22 28]
104 [19 26 22]
105 [26 19 21 22 26]
106 [19 19 26 22 20]
107 [19 26]
108 [19 26 26]
109 [19 26]
110 [19 26 20]
111 [19 26 22 28]
112 [19 28 26]
113 [19 28 26]
114 [19 26 26]
115 [19 26 22]
116 [19 26 22]
117 [19 26]
118 [19 26 26  4]
119 [19 26]
120 [19 26 22]
121 [19 26 22]
122 [19 26]
123 [19 26]
124 [19  4 26]
125 [19 26]
126 [19 26 19  3]
127 [26]
128 [19 26]
129 [19 26 26]
130 [19 26  4]
131 [19 26]
132 [19 26  4]
133 [19 26]
134 [19 26 19]
135 [19 26 26]
136 [19 26]
137 [26]
138 [26 22]
139 [26 22]
140 [26]
141 [19 19 21 26 19]
142 [19 26]
143 [19 26]
144 [19 26]
145 [19 19 26]
146 [19 26]
147 [26 22 19]
148 [19 26 22]
149 [19 26 22]
150 [19 26]
151 [19 26 22 19]
152 [19 26 19 26]
153 [19 26]
154 [19 26]
155 [19 26]
156 [19 19 26]
157 [19 26]
158 [19 26 22]
159 [22 26 19]
160 [19 26 22]
161 [26 19 22]
162 [19 22 26]
163 [19 26 22]
164 [19 26]
165 [26 19]
166 [26]
167 [26 19]
168 [19 26]
169 [19 26]
170 [26]
171 [26 19 21]
172 [19 26 21 19]
173 [19 26]
174 [19 26 21 19]
175 [19 26]
176 [26 19]
177 [19 26]
178 [26]
179 [19 26]
180 [19 19 26 20]
181 [26]
182 [19 26]
183 [19 26]
184 [19 26 19]
185 [19 26]
186 [19 26]
187 [19 26 19]
188 [19 26]
189 [19 26 22]
190 [26 19 22]
191 [26]
192 [19 26 22]
193 [26]
194 [26 19 22 19]
195 [26]
196 [26 22]
197 [19 26 26]
198 [26 22]
199 [26 22]
200 [19 26]
201 [26 22 19]
202 [19 26]
203 [19 22 26]
