0 [11]
1 [11]
2 [11]
3 [11  6]
4 [11  6]
5 [11]
6 [22 21 11]
7 [11]
8 [11]
9 [11]
10 [11 21]
11 [11]
12 [11]
13 [11]
14 [11]
15 [11]
16 [11]
17 []
18 [11]
19 [11]
20 [11]
21 [11]
22 [6]
23 [11]
24 [11]
25 [22]
26 [6]
27 [6]
28 []
29 [6]
30 []
31 []
32 []
33 []
34 []
35 []
36 []
37 []
38 []
39 []
40 []
41 []
42 [11]
43 [11]
44 [11]
45 [11]
46 [11]
47 [11]
48 []
49 [11]
50 [12]
51 []
52 [12]
53 [12]
54 [12]
55 [19 11]
56 []
57 [11]
58 [11]
59 [11]
60 []
61 [ 6 11]
62 [11]
63 [11]
64 [11 21]
65 [21 22 11  6]
66 [18 11 15]
67 [18]
68 [ 6 18 11]
69 [11  6]
70 [6]
71 [6]
72 [6]
