0 []
1 []
2 [19 13]
3 [19 13]
4 [19 13]
5 [19 13]
6 [19 19 19]
7 [19 19]
8 [19 19]
9 [19 19]
10 [19 19]
11 [19 19 37]
12 [19 19]
13 [19 19]
14 [19 19]
15 [19 19]
16 [19 19]
17 [19 19]
18 [19 19]
19 [19 19]
20 [ 9 12]
21 [12  9]
22 [12]
23 [9]
24 [17]
25 [19 12 12  1]
26 [19 21 12 12]
27 [19 21 12]
28 [19 21 12]
29 [19 21 12]
30 [19 21 12  1]
31 [19 21 12 12]
32 [19 21 12 12]
33 [12 12  9]
34 [12 12]
35 [12]
36 []
37 []
38 []
39 []
40 []
41 []
42 [12  9]
43 [12  9]
44 [12  9 17]
45 [12]
46 []
47 [12]
48 [12]
49 [12]
50 [19]
51 [19]
52 [19]
53 [19 21]
54 [12 19]
55 [19 12 37]
56 [19 12 37]
57 [19 12]
58 [19 12]
59 [12 19]
60 [19 12]
61 [19 12]
62 [19 12 37]
63 [19 12]
64 [19 12]
65 [12 19]
66 [12 19]
67 [19 12]
68 [19]
69 [19]
70 [19]
71 [19]
72 [19]
73 [19]
74 [19]
75 [19]
76 [19]
77 [19]
78 [19]
79 [19]
80 [19]
81 [19]
82 [3]
83 [21]
84 [21]
85 [22]
86 [11]
87 []
88 [19 37]
89 [19 37]
90 []
91 []
92 []
93 [19]
94 [19]
95 [19]
96 [12]
97 [12]
98 [12]
99 []
100 []
101 [19 21]
102 [19 21]
103 [21 19 21]
104 [19]
105 [19 21]
106 [19]
107 [19]
108 [19]
109 [19]
110 [19]
111 [21 19]
112 [21 19]
113 [19]
114 [19]
115 [12]
116 [12 12]
117 [19 12 21 12]
118 [19 34 12 21 12]
119 [12]
120 [12]
121 [19 21 30]
122 [19 21]
123 [19 21]
124 [19 21 30]
125 [19 21]
126 [19 21]
127 [19 21]
128 [19 21]
129 [19 21]
130 [19 21 25]
131 [19 21]
132 [19 21]
133 [19 21]
134 [19 21]
135 [19 21]
136 [19 21]
137 [19 21]
138 [19 21]
139 [19 21]
140 [19 21]
141 [19 21]
142 [19 21]
143 [19 21]
144 [19 21 25]
145 [19 21]
